0 2 6 0 7 7 3 2 3 3 2 2 4 5 3 6
3 1 1 5 2 3 7 0 1 5 9 6 1 6 7 9
0 1 9 6 1 6 0 6 6 4 3 5 3 9 3 2
5 2 6 1 4 6 4 8 3 2 3 3 3 4 7 8
2 6 3 1 4 4 9 4 9 4 3 6 5 8 5 9
5 8 0 0 6 7 9 0 2 1 4 6 6 7 7 3
0 7 7 8 3 8 4 7 0 9 4 5 1 8 4 4
5 5 3 1 6 1 6 8 9 6 2 3 9 1 0 0
1 4 1 4 4 8 0 8 2 1 1 6 3 4 8 3
2 6 1 0 8 3 7 7 1 5 3 0 4 5 7 1
5 0 0 9 9 3 2 1 0 7 2 0 8 1 7 5
0 2 4 0 3 4 8 4 2 9 8 1 1 4 0 2
4 9 4 2 8 6 7 4 2 1 7 9 8 3 9 1
4 0 0 6 6 9 5 7 4 3 5 7 3 9 5 2
4 0 3 7 7 5 8 5 0 6 7 9 6 0 3 0
5 0 3 9 6 5 1 2 2 1 2 8 9 3 3 8
