0 0 0 0 8 0 0 0 0 0 0 20 0 0 0 0
0 0 0 6 0 0 0 0 0 0 9 0 0 0 0 0
0 0 0 14 0 4 0 0 0 0 0 0 0 0 0 6
0 0 0 0 0 0 0 0 0 0 0 0 0 0 0 0
0 0 0 0 0 0 0 0 0 0 0 0 0 0 0 0
0 0 0 0 0 0 0 0 0 9 0 0 0 0 0 0
0 0 0 0 0 0 0 0 0 0 0 0 0 7 0 0
0 10 0 6 5 0 0 0 0 0 9 0 0 15 0 0
0 0 0 0 0 0 0 0 0 0 0 0 0 0 0 0
0 0 0 0 0 0 0 0 0 0 0 0 0 0 0 0
0 0 0 0 0 0 0 0 0 0 0 0 0 0 0 0
0 0 0 54 0 0 28 8 0 0 81 30 32 5 0 24
0 16 0 0 56 0 0 0 0 0 0 0 0 0 0 48
0 0 0 0 0 0 0 0 0 0 63 45 0 54 0 0
0 0 0 0 0 0 0 0 0 0 42 30 0 36 0 0
0 18 0 0 9 0 0 0 0 0 0 0 0 27 0 0
