233 276 313 367 264 191 233 195 306 266 337 219 225 258 242 247
254 346 324 347 287 266 264 264 344 234 352 334 296 316 299 338
303 339 344 388 337 255 219 215 347 279 373 262 335 285 262 269
313 346 411 435 274 252 273 212 395 306 389 323 312 274 344 324
339 428 430 520 364 305 356 304 454 359 480 393 339 376 351 407
244 315 377 467 341 227 304 289 382 308 397 313 362 400 325 321
304 436 419 469 411 261 270 267 375 300 485 405 402 381 327 317
240 375 330 402 293 265 312 289 370 316 332 333 262 301 310 354
268 285 342 382 274 227 224 191 309 297 353 291 296 277 302 239
185 317 301 421 258 148 299 246 324 279 367 326 226 300 306 261
177 294 272 334 243 230 245 319 323 285 279 313 239 274 342 307
173 321 236 292 256 174 255 196 231 179 299 267 189 255 209 282
321 420 465 541 429 301 367 333 481 383 463 403 448 462 410 358
302 378 403 443 323 313 311 312 376 341 400 336 360 410 367 369
260 402 360 374 325 309 298 339 337 289 329 359 356 411 345 361
311 322 385 374 299 331 217 310 385 320 320 293 348 343 328 333
