260 385 290 342 355 400 365 353 372 357 201 335 298 277 285 319
339 453 381 401 331 503 475 371 485 449 291 351 313 390 341 397
287 388 254 332 273 360 320 342 289 361 197 297 219 219 295 283
330 409 296 362 244 417 314 364 406 334 266 349 273 303 302 344
370 519 402 381 316 438 440 406 365 438 277 299 283 251 345 334
366 492 366 423 304 465 445 373 458 382 301 361 285 369 398 422
389 486 401 445 315 496 433 373 481 452 230 383 347 354 452 380
348 581 432 542 426 521 563 445 508 555 353 407 335 415 444 482
196 363 293 330 225 273 316 302 292 285 222 252 187 213 254 278
281 406 298 342 263 419 311 351 347 397 291 264 241 269 293 283
221 419 267 393 354 456 453 368 375 455 288 325 248 275 338 326
278 396 275 346 315 418 349 301 333 416 264 273 292 292 283 289
351 590 417 494 366 452 503 424 473 438 298 401 286 291 425 393
168 403 226 349 273 296 362 270 313 249 270 227 141 240 256 292
340 470 353 385 330 452 413 369 358 494 280 305 287 296 338 322
248 389 290 326 263 356 328 260 338 346 218 220 203 232 268 257
