255 296 289 317 322 336 338 412 261 368 359 426 227 284 236 322
241 246 275 421 345 382 324 389 282 404 356 435 189 306 241 416
258 332 304 285 370 340 336 475 289 356 375 523 184 331 324 453
279 345 324 382 373 437 355 501 361 412 456 570 182 383 338 525
260 309 293 337 331 358 283 406 284 355 366 430 173 293 262 424
256 238 235 284 281 281 322 380 228 317 326 365 186 250 192 328
291 249 266 320 284 339 360 431 296 361 368 423 207 303 217 374
181 242 222 247 244 334 218 311 244 263 322 395 124 255 293 371
291 309 310 316 305 338 306 404 264 345 371 475 181 286 281 405
257 261 315 420 349 412 323 440 291 412 361 470 178 348 304 460
263 274 256 325 295 396 339 386 318 350 358 419 198 271 246 398
320 408 350 382 424 466 388 527 362 393 497 544 258 365 374 482
297 270 290 414 386 409 348 483 339 415 394 565 210 388 312 507
257 254 247 260 300 248 297 362 189 306 307 373 200 234 201 304
288 246 286 382 321 340 333 416 296 421 356 464 178 326 208 444
239 180 291 326 323 325 338 396 332 348 391 400 200 328 228 377
