0 0 0 0 0 0 0 0 0 0 0 0 0 0 0 0
0 0 0 0 0 0 64 1 0 0 0 0 0 25 32 0
0 0 0 0 0 0 14 6 0 0 0 0 3 6 0 0
0 0 0 0 0 0 8 0 0 0 0 0 0 0 0 0
0 25 0 0 0 0 0 0 0 0 0 0 0 0 0 0
0 0 0 0 0 0 0 0 0 0 0 0 0 0 0 0
0 0 0 0 0 0 0 0 0 0 0 15 0 0 0 0
0 0 0 0 0 0 0 0 0 0 0 24 0 0 0 0
0 30 0 0 0 0 0 0 0 0 0 0 9 0 0 0
16 14 0 0 0 0 0 0 0 0 0 0 1 0 0 0
0 0 0 0 0 0 0 0 0 0 0 0 0 0 0 0
0 0 0 0 0 0 0 0 0 0 0 0 0 0 0 0
32 0 0 0 0 0 0 28 24 0 0 4 0 0 0 8
0 0 0 0 24 0 0 0 0 0 0 24 0 0 0 0
64 56 0 42 0 24 6 0 0 0 0 0 0 0 0 0
0 0 0 0 0 0 0 0 0 0 0 0 4 0 0 0
