0 0 0 0 0 0 0 0 0 0 0 0 36 0 0 0
0 0 0 0 0 0 0 0 0 24 0 0 0 0 0 0
0 0 0 42 0 0 0 0 0 54 0 0 0 0 0 0
0 0 0 0 0 0 0 0 0 0 0 0 0 0 0 0
0 0 0 0 0 0 0 0 0 0 0 0 0 14 0 0
27 0 0 0 0 18 72 18 0 0 0 0 0 36 0 18
0 0 0 0 0 0 0 0 0 0 20 54 32 89 0 32
0 0 0 0 0 0 0 0 0 0 0 0 0 0 0 0
18 0 9 0 0 57 48 12 0 0 0 0 54 24 0 12
0 0 0 0 0 0 0 0 0 0 30 0 48 12 0 48
3 0 0 14 0 2 8 2 0 18 0 0 54 4 0 2
0 0 0 0 0 0 0 0 0 0 0 0 0 0 0 0
6 0 0 0 0 0 0 0 0 0 0 0 0 0 0 0
0 0 0 21 0 0 0 0 0 27 0 0 0 0 0 0
15 0 0 0 0 10 40 10 0 0 0 0 0 20 0 10
0 0 0 0 0 0 0 0 0 0 0 0 0 0 0 0
