45 0 0 0 0 0 0 0 0 0 0 0 0 0 0 0
0 72 0 0 0 0 0 0 0 0 0 0 0 0 0 0
0 0 48 0 0 0 0 0 0 0 0 0 0 0 0 0
0 0 0 72 0 0 0 0 0 0 0 0 0 0 0 0
0 0 0 0 56 0 0 0 0 0 0 0 0 0 0 0
0 0 0 0 0 49 0 0 0 0 0 0 0 0 0 0
0 0 0 0 0 0 64 0 0 0 0 0 0 0 0 0
0 0 0 0 0 0 0 21 0 0 0 0 0 0 0 0
0 0 0 0 0 0 0 0 20 0 0 0 0 0 0 0
0 0 0 0 0 0 0 0 0 0 0 0 0 0 0 0
0 0 0 0 0 0 0 0 0 0 4 0 0 0 0 0
0 0 0 0 0 0 0 0 0 0 0 24 0 0 0 0
0 0 0 0 0 0 0 0 0 0 0 0 18 0 0 0
0 0 0 0 0 0 0 0 0 0 0 0 0 36 0 0
0 0 0 0 0 0 0 0 0 0 0 0 0 0 18 0
0 0 0 0 0 0 0 0 0 0 0 0 0 0 0 54
