1223 1317 1338 1099 1360 1210 1308 1315 1060 1203 1435 1089 1105 1241 1317 1197 1257 1362 1313 1440 1325 1534 1277 1391 1229 1116 1289 1098 1202 1360 1304 1254 1209 1344 1231 1276 1300 1406 1312 1303 1295 1198 1259 1070 1238 1341 1419 1358 1277 1365 1307 1290 1145 1209 1321 1048 1336 1159 1381 1386 1216 1284 1307 1120
1310 1408 1392 1202 1320 1237 1509 1464 1380 1389 1406 1142 1170 1391 1436 1259 1279 1396 1477 1449 1313 1618 1359 1496 1268 1245 1304 1146 1318 1417 1356 1392 1200 1596 1307 1273 1346 1525 1391 1354 1417 1405 1412 1254 1366 1580 1468 1398 1293 1396 1342 1375 1222 1387 1469 1276 1565 1340 1347 1281 1273 1576 1610 1373
1303 1361 1575 1205 1483 1291 1463 1483 1221 1259 1443 1138 1098 1357 1447 1254 1411 1398 1532 1385 1441 1497 1269 1489 1250 1339 1317 1328 1240 1435 1263 1416 1223 1550 1288 1305 1269 1616 1417 1428 1455 1445 1372 1292 1355 1564 1514 1436 1366 1341 1382 1500 1250 1358 1440 1329 1499 1260 1330 1399 1337 1583 1485 1333
1365 1429 1584 1163 1409 1339 1537 1482 1295 1409 1531 1329 1087 1280 1392 1424 1474 1389 1669 1495 1442 1661 1441 1481 1313 1337 1325 1310 1451 1310 1369 1521 1320 1589 1481 1346 1268 1576 1573 1393 1542 1455 1414 1358 1559 1483 1455 1539 1445 1421 1362 1465 1387 1379 1427 1369 1617 1438 1566 1355 1440 1576 1559 1339
1213 1318 1351 1072 1326 1144 1423 1289 1191 1122 1352 1112 1074 1183 1336 1293 1220 1231 1359 1357 1212 1618 1180 1417 1252 1219 1157 1058 1135 1331 1184 1290 1326 1399 1455 1308 1384 1220 1345 1210 1195 1292 1208 1080 1268 1472 1507 1346 1331 1300 1259 1384 1200 1096 1351 1188 1194 1299 1228 1360 1125 1258 1363 1267
1330 1397 1484 1250 1369 1291 1464 1478 1338 1170 1414 1110 1265 1249 1394 1278 1419 1430 1494 1388 1366 1483 1209 1503 1152 1246 1352 1258 1373 1275 1213 1495 1379 1463 1388 1214 1302 1481 1297 1453 1345 1243 1477 1343 1338 1421 1543 1383 1204 1352 1357 1446 1382 1366 1404 1212 1553 1391 1378 1374 1376 1551 1557 1330
1011 1259 1300 1113 1174 1104 1209 1197 1015 1174 1238 1125 987 1153 1192 1200 1195 1326 1311 1343 1152 1361 1216 1291 1115 1007 1073 1204 1158 1141 1126 1318 1092 1280 1103 1210 1163 1333 1114 1127 1282 1291 1232 1227 1206 1344 1293 1230 1245 1260 1175 1193 1048 1202 1241 1138 1344 1167 1300 1209 1191 1314 1328 1268
1202 1392 1423 1220 1480 1248 1381 1404 1268 1341 1407 1066 1125 1247 1368 1224 1326 1491 1495 1461 1351 1434 1291 1416 1212 1272 1335 1174 1341 1301 1300 1499 1260 1404 1451 1296 1227 1534 1485 1455 1401 1287 1262 1231 1402 1459 1471 1321 1221 1365 1336 1335 1430 1331 1334 1147 1340 1253 1383 1422 1312 1418 1428 1206
1142 1078 1174 1048 1233 972 1281 1279 1051 1210 1153 1139 939 1043 1223 1104 1165 1155 1324 1362 1325 1488 1140 1267 1017 1004 1001 1186 1160 1252 1181 1255 1205 1251 1189 1249 1129 1200 1360 1196 1093 1147 1176 1047 1218 1134 1307 1066 1166 1123 1091 1258 1053 1221 1373 996 1212 1208 1249 1151 1187 1101 1370 1189
1301 1264 1431 1191 1336 1121 1306 1382 1198 1350 1391 1167 1095 1216 1485 1250 1344 1349 1591 1391 1429 1581 1309 1415 1193 1111 1228 1159 1256 1415 1342 1437 1376 1496 1469 1345 1307 1335 1439 1368 1277 1303 1191 1183 1439 1400 1434 1395 1245 1251 1369 1494 1319 1267 1398 1146 1259 1268 1443 1352 1275 1379 1498 1324
1252 1476 1385 1172 1398 1170 1497 1315 1173 1336 1422 1008 1082 1286 1365 1180 1323 1260 1477 1360 1218 1549 1236 1374 1194 1208 1337 1244 1346 1171 1310 1309 1225 1465 1341 1348 1269 1378 1325 1228 1227 1216 1250 1070 1249 1298 1463 1370 1295 1309 1265 1409 1217 1231 1307 1155 1319 1175 1403 1359 1288 1342 1499 1262
1369 1411 1553 1139 1336 1345 1481 1468 1254 1309 1438 1219 1057 1291 1454 1403 1220 1338 1459 1499 1464 1675 1338 1473 1295 1275 1336 1232 1449 1377 1414 1498 1318 1634 1350 1394 1340 1610 1475 1498 1463 1439 1484 1245 1462 1469 1444 1332 1374 1406 1399 1351 1306 1367 1495 1153 1520 1304 1480 1413 1350 1512 1473 1386
1359 1244 1474 1013 1312 1094 1372 1384 1134 1288 1305 1160 1096 1157 1317 1179 1358 1192 1443 1432 1371 1666 1261 1493 1241 1241 1180 1202 1360 1367 1267 1367 1208 1400 1268 1271 1246 1389 1437 1326 1456 1222 1289 1085 1258 1355 1418 1338 1323 1364 1260 1348 1248 1323 1458 1263 1373 1452 1326 1341 1294 1284 1438 1251
1517 1564 1654 1275 1569 1469 1535 1555 1339 1522 1593 1167 1240 1409 1390 1372 1587 1470 1574 1506 1542 1684 1543 1568 1326 1439 1408 1243 1313 1535 1439 1554 1398 1579 1447 1343 1222 1579 1523 1549 1603 1503 1555 1400 1541 1597 1636 1537 1438 1612 1507 1554 1468 1384 1480 1359 1568 1412 1669 1513 1494 1556 1633 1390
1418 1404 1491 1320 1513 1164 1457 1396 1320 1450 1394 1196 1254 1289 1297 1362 1487 1464 1487 1553 1525 1579 1314 1404 1279 1194 1412 1209 1284 1363 1296 1428 1239 1445 1423 1383 1351 1511 1375 1325 1440 1215 1333 1191 1429 1398 1603 1455 1402 1451 1232 1437 1347 1370 1376 1250 1424 1259 1464 1360 1496 1385 1584 1331
1256 1253 1340 1073 1300 1247 1369 1286 1166 1125 1199 1105 1092 1132 1373 1242 1252 1207 1370 1351 1393 1569 1183 1421 1153 1254 1152 1070 1279 1400 1235 1441 1243 1498 1346 1324 1273 1354 1402 1342 1235 1262 1314 1151 1352 1409 1487 1320 1229 1307 1191 1391 1287 1211 1416 1085 1310 1335 1243 1453 1218 1403 1467 1232
1107 1398 1502 1216 1293 1253 1514 1370 1227 1279 1325 1132 1252 1151 1492 1380 1429 1269 1530 1422 1327 1566 1364 1372 1265 1144 1271 1223 1341 1353 1254 1410 1292 1689 1329 1367 1435 1394 1485 1297 1278 1383 1314 1198 1280 1381 1486 1520 1285 1277 1322 1405 1194 1305 1404 1251 1318 1390 1378 1314 1310 1505 1558 1280
1009 1227 1173 1025 1278 1131 1314 1258 1100 1198 1344 1030 1076 1142 1248 1109 1170 1224 1413 1329 1186 1329 1209 1281 1186 1183 1176 994 1083 1259 1168 1273 1258 1345 1277 1166 1278 1304 1254 1074 1246 1196 1207 1041 1181 1255 1296 1214 1153 1289 1258 1278 1135 1118 1185 1059 1140 1079 1254 1179 1179 1295 1288 1066
1148 1157 1097 913 1064 975 1039 1059 889 1248 1228 881 911 1053 1077 966 1142 1026 1095 1024 1076 1312 1020 1001 1001 938 1085 999 1097 1015 1011 1048 874 1153 1032 1080 996 986 1151 1072 1164 977 993 878 1135 1042 1195 1154 1177 997 1038 1051 962 1048 1142 924 998 1069 1237 1007 1001 987 1147 960
1225 1327 1488 1158 1345 1127 1288 1316 1157 1190 1212 1066 941 1170 1159 1197 1378 1357 1469 1271 1319 1382 1105 1422 1114 1139 1144 1183 1087 1337 1253 1220 1221 1417 1305 1233 1063 1325 1343 1210 1224 1198 1236 1134 1303 1320 1336 1368 1313 1349 1266 1391 1246 1179 1374 1215 1204 1146 1336 1252 1225 1347 1380 1316
1248 1397 1446 1138 1374 1225 1333 1390 1118 1284 1419 1035 1287 1249 1425 1348 1378 1300 1535 1403 1481 1452 1259 1335 1297 1314 1253 1216 1228 1328 1272 1482 1364 1396 1416 1367 1347 1438 1369 1298 1457 1267 1210 1218 1439 1396 1547 1386 1314 1402 1343 1437 1358 1320 1403 1122 1246 1289 1301 1408 1320 1341 1493 1225
1073 1086 1313 1117 1274 1030 1315 1253 1081 1154 1183 987 928 974 1122 1135 1194 1086 1235 1142 1144 1317 1078 1092 1027 1009 1068 992 1083 1111 1142 1142 1064 1295 1235 1155 1119 1171 1129 1090 1165 1071 1114 1028 1073 1093 1239 1159 1113 1223 1097 1250 1142 1126 1148 1074 1129 1063 1292 1093 1232 1233 1413 1081
1229 1333 1356 1174 1176 1103 1310 1186 1036 1368 1410 898 1060 1256 1217 1141 1266 1254 1305 1385 1234 1482 1298 1227 1162 1081 1243 1078 1177 1404 1240 1336 1079 1268 1160 1197 1137 1336 1330 1177 1340 1229 1184 1087 1335 1251 1393 1200 1276 1392 1197 1248 1216 1114 1243 1128 1124 1222 1379 1180 1261 1229 1353 1132
1066 1030 1185 835 1154 1148 1214 1215 948 1091 1071 985 1040 966 1240 1113 1113 1189 1199 1259 1213 1390 1032 1201 1029 1040 1055 1020 1146 1151 1052 1238 1214 1294 1243 1223 1125 1189 1314 1094 1088 1156 1107 1021 1225 1409 1295 1149 1115 1096 1241 1116 970 1114 1296 980 1115 1114 1055 1240 971 1225 1287 1075
1336 1426 1621 1148 1337 1316 1539 1434 1156 1354 1402 1083 1205 1359 1375 1341 1574 1237 1572 1446 1410 1680 1308 1501 1272 1281 1382 1310 1293 1452 1391 1408 1306 1596 1356 1361 1259 1488 1477 1424 1457 1399 1447 1242 1368 1420 1582 1495 1460 1464 1347 1469 1256 1384 1467 1232 1412 1382 1457 1372 1384 1411 1469 1151
1332 1248 1350 1126 1398 1229 1383 1353 1000 1288 1320 1282 1055 1168 1228 1223 1313 1260 1371 1315 1257 1672 1199 1410 1094 1175 1293 1136 1311 1343 1214 1317 1354 1368 1296 1339 1167 1258 1328 1370 1292 1198 1235 1127 1314 1311 1409 1248 1259 1310 1234 1397 1138 1232 1413 1152 1310 1361 1422 1280 1254 1438 1377 1260
1296 1340 1442 1185 1287 1142 1233 1355 1223 1299 1229 1034 1063 1229 1396 1239 1342 1397 1434 1397 1391 1437 1308 1377 1123 1183 1147 1216 1210 1437 1216 1378 1157 1377 1248 1218 1250 1472 1337 1315 1399 1292 1319 1107 1335 1382 1442 1405 1265 1290 1232 1332 1175 1312 1330 1264 1412 1299 1519 1456 1312 1384 1481 1413
1214 1346 1451 1028 1354 1303 1486 1243 1270 1198 1335 1100 1064 1322 1322 1148 1197 1253 1440 1522 1256 1504 1177 1396 1178 1241 1287 1079 1196 1391 1241 1362 1096 1447 1154 1231 1414 1510 1422 1275 1111 1334 1400 1069 1254 1298 1487 1262 1341 1275 1197 1367 1290 1185 1277 1189 1358 1173 1304 1381 1323 1332 1381 1214
1473 1407 1479 1245 1550 1401 1542 1587 1287 1478 1482 1273 1255 1230 1424 1378 1489 1403 1560 1593 1498 1799 1395 1548 1366 1346 1412 1343 1411 1428 1452 1494 1382 1692 1519 1401 1470 1586 1523 1432 1524 1497 1466 1287 1467 1462 1681 1448 1507 1578 1336 1520 1297 1488 1565 1361 1389 1551 1494 1398 1465 1482 1571 1494
1334 1348 1492 1307 1450 1166 1443 1337 1227 1418 1513 1141 1195 1420 1399 1285 1415 1424 1481 1472 1374 1596 1369 1353 1178 1319 1334 1325 1236 1322 1354 1351 1279 1413 1424 1312 1241 1430 1448 1325 1456 1383 1306 1239 1338 1457 1561 1380 1432 1432 1354 1543 1379 1291 1465 1314 1400 1268 1475 1432 1425 1425 1644 1356
1381 1378 1525 1290 1476 1274 1494 1486 1177 1403 1468 1333 1222 1384 1399 1409 1459 1396 1424 1644 1536 1704 1372 1509 1294 1293 1379 1245 1309 1430 1365 1524 1352 1512 1350 1368 1399 1607 1528 1463 1624 1328 1373 1350 1448 1497 1516 1456 1406 1572 1403 1492 1360 1474 1444 1264 1499 1473 1440 1434 1473 1501 1605 1378
1357 1476 1721 1177 1430 1328 1608 1460 1291 1399 1476 1293 1096 1452 1432 1303 1447 1309 1535 1514 1374 1653 1264 1539 1261 1323 1375 1243 1395 1399 1472 1362 1250 1651 1358 1409 1312 1552 1456 1419 1406 1339 1409 1261 1391 1527 1542 1440 1394 1399 1353 1545 1325 1376 1511 1381 1456 1396 1520 1301 1372 1614 1611 1393
1272 1355 1291 1169 1443 1139 1418 1210 1220 1298 1438 1061 1162 1246 1230 1125 1222 1263 1467 1467 1327 1486 1290 1412 1188 1179 1308 1123 1166 1202 1220 1501 1243 1393 1116 1065 1280 1368 1359 1363 1237 1233 1263 1176 1329 1267 1410 1204 1129 1379 1310 1339 1367 1204 1214 1190 1301 1306 1427 1254 1231 1295 1469 1256
1346 1406 1484 1191 1378 1103 1423 1256 1302 1386 1431 1083 1145 1259 1338 1207 1227 1276 1541 1331 1316 1551 1321 1342 1151 1224 1339 1011 1301 1337 1308 1342 1205 1384 1256 1307 1272 1437 1248 1285 1309 1319 1246 1088 1369 1400 1402 1312 1252 1295 1280 1381 1273 1297 1364 1219 1434 1264 1388 1222 1231 1352 1468 1372
1348 1428 1444 1253 1423 1291 1536 1415 1183 1252 1444 1163 1248 1278 1425 1394 1377 1389 1502 1417 1491 1561 1210 1438 1259 1262 1307 1148 1394 1364 1316 1409 1392 1467 1451 1340 1376 1400 1442 1287 1351 1087 1219 1225 1479 1327 1536 1387 1302 1490 1419 1524 1367 1256 1318 1292 1332 1457 1402 1417 1299 1549 1574 1374
1010 1272 1279 1193 1288 945 1231 1070 937 1167 1239 936 1070 1199 1307 1140 1190 1310 1439 1310 1320 1410 1105 1240 1115 984 1267 1026 1085 1384 1229 1416 1080 1246 1156 1263 1242 1282 1241 1269 1174 1182 1021 1070 1287 1333 1421 1281 1113 1238 1048 1245 1106 1041 1219 957 1239 1200 1231 1263 1115 1247 1317 1130
1109 1335 1355 1149 1311 1182 1369 1282 1218 1268 1285 990 1187 1191 1296 1287 1394 1229 1443 1296 1369 1484 1241 1413 1250 1052 1169 1152 1205 1331 1192 1274 1274 1423 1249 1273 1311 1360 1368 1208 1228 1273 1260 1090 1297 1355 1476 1414 1341 1221 1251 1450 1129 1176 1276 1201 1323 1279 1253 1286 1183 1341 1446 1280
1333 1276 1412 1097 1519 1202 1412 1374 1158 1353 1467 1235 1165 1189 1284 1174 1371 1305 1453 1566 1373 1636 1293 1429 1195 1236 1289 1178 1257 1430 1326 1437 1327 1419 1375 1349 1411 1411 1532 1404 1284 1406 1394 1170 1350 1426 1553 1323 1324 1339 1314 1447 1268 1279 1448 1210 1371 1342 1437 1414 1284 1318 1485 1227
1273 1289 1397 1159 1365 1167 1503 1376 1151 1361 1361 1020 1030 1236 1234 1160 1213 1335 1381 1375 1249 1547 1130 1302 1212 1251 1244 1090 1273 1437 1334 1337 1118 1367 1283 1281 1295 1418 1414 1178 1345 1241 1286 1069 1305 1391 1400 1200 1210 1470 1280 1209 1309 1200 1242 1114 1352 1355 1363 1251 1243 1413 1449 1196
1078 1346 1369 1156 1317 1060 1389 1260 1129 1205 1235 1054 1169 1138 1246 1135 1222 1277 1492 1443 1203 1343 1195 1418 1147 1179 1182 1191 1250 1317 1179 1418 1232 1382 1233 1247 1171 1482 1235 1209 1326 1273 1273 1170 1319 1303 1440 1265 1277 1353 1080 1314 1032 1303 1436 1197 1422 1356 1407 1242 1234 1356 1280 1282
1205 1191 1411 1091 1103 1046 1406 1201 1169 1061 1212 1061 1023 981 1266 1160 1257 1211 1238 1269 1255 1339 1100 1145 1072 1129 1063 1146 1286 1222 1196 1204 1195 1315 1195 1176 1164 1405 1161 1169 1126 1147 1182 985 1188 1163 1331 1111 1096 1229 1177 1234 1215 1152 1272 1103 1251 1069 1298 1158 1222 1328 1361 1140
1087 1222 1248 1026 1139 1003 1150 1058 1004 1115 1225 993 1012 1094 1232 1030 1198 1142 1279 1154 1134 1454 1106 1278 1148 960 1041 1021 1100 1211 1111 1141 1044 1033 1055 1103 1145 1264 1105 1156 1071 1128 963 985 1062 1242 1267 1214 1116 1148 1205 1255 1115 1047 1171 1046 1282 1127 1188 1295 1047 1194 1158 1217
1383 1536 1541 1243 1477 1206 1551 1387 1251 1391 1594 1151 1255 1447 1489 1280 1535 1253 1645 1464 1461 1690 1308 1530 1308 1421 1300 1146 1446 1474 1402 1501 1226 1522 1463 1399 1432 1547 1414 1311 1441 1277 1293 1183 1444 1429 1539 1498 1419 1517 1421 1652 1537 1447 1474 1326 1437 1388 1521 1552 1443 1461 1605 1253
1231 1421 1347 1037 1295 1095 1307 1227 1181 1329 1359 1024 1027 1311 1276 1084 1339 1215 1287 1304 1258 1392 1318 1306 1107 1275 1079 1046 1157 1194 1232 1309 1040 1262 1250 1161 1233 1265 1262 1245 1237 1284 1151 1087 1255 1385 1350 1159 1170 1210 1281 1291 1232 1081 1309 1140 1179 1196 1397 1247 1106 1240 1477 1273
1251 1322 1342 1210 1435 1153 1365 1310 1076 1201 1319 1075 981 1173 1197 1244 1366 1211 1349 1303 1424 1545 1318 1322 1109 1169 1201 1107 1113 1291 1302 1269 1210 1458 1253 1177 1125 1330 1418 1396 1383 1324 1211 1146 1273 1318 1439 1431 1296 1398 1236 1403 1198 1207 1285 1246 1245 1262 1315 1321 1202 1393 1483 1168
1270 1371 1469 1183 1436 1254 1521 1412 1299 1392 1372 1165 1091 1302 1374 1219 1283 1305 1550 1518 1394 1578 1343 1441 1199 1269 1338 1246 1297 1327 1297 1399 1167 1524 1306 1325 1339 1480 1548 1295 1309 1392 1421 1166 1472 1426 1557 1422 1506 1293 1202 1377 1155 1295 1488 1269 1529 1502 1346 1302 1329 1426 1610 1386
1524 1526 1661 1438 1585 1493 1623 1657 1481 1487 1467 1358 1315 1406 1513 1540 1404 1599 1653 1549 1518 1675 1418 1476 1347 1385 1366 1328 1349 1551 1282 1587 1324 1554 1502 1590 1484 1540 1479 1380 1441 1426 1499 1354 1480 1549 1677 1432 1576 1454 1399 1548 1503 1484 1554 1319 1635 1423 1560 1560 1651 1565 1776 1578
1390 1421 1583 1189 1457 1424 1572 1504 1266 1403 1381 1213 1133 1459 1446 1344 1394 1412 1551 1449 1435 1649 1292 1540 1266 1248 1439 1145 1429 1484 1295 1374 1252 1555 1377 1380 1234 1550 1547 1380 1399 1217 1272 1250 1457 1507 1398 1338 1416 1364 1477 1441 1410 1331 1427 1181 1431 1389 1414 1346 1357 1574 1522 1253
1312 1494 1561 1142 1451 1295 1530 1349 1311 1400 1421 1184 1248 1306 1393 1205 1407 1319 1616 1600 1347 1631 1385 1470 1305 1370 1309 1094 1291 1574 1346 1509 1286 1493 1328 1461 1529 1550 1444 1291 1259 1507 1384 1132 1354 1403 1549 1372 1404 1401 1292 1476 1375 1311 1427 1333 1466 1342 1579 1505 1374 1361 1569 1350
1186 1228 1343 1100 1349 1172 1286 1242 1229 1326 1271 990 1126 1029 1332 1202 1190 1300 1496 1366 1328 1426 1252 1413 1172 1059 1255 1072 1219 1210 1226 1473 1230 1459 1238 1222 1181 1363 1322 1343 1271 1220 1289 1143 1389 1335 1422 1310 1080 1293 1190 1307 1239 1234 1334 1078 1396 1261 1334 1228 1239 1295 1446 1233
1240 1281 1449 1222 1299 1073 1316 1205 1191 1261 1311 1203 1056 1281 1278 1222 1269 1399 1276 1391 1369 1492 1156 1374 1184 1239 1182 1231 1185 1349 1319 1340 1105 1396 1264 1361 1324 1420 1297 1350 1362 1315 1289 1144 1275 1483 1498 1345 1330 1307 1179 1362 1215 1317 1457 1250 1269 1167 1341 1319 1258 1287 1459 1330
1236 1414 1518 1197 1575 1396 1515 1401 1154 1461 1427 1224 1273 1308 1521 1301 1359 1499 1524 1554 1388 1517 1334 1473 1325 1332 1382 1300 1269 1421 1315 1466 1296 1583 1462 1456 1333 1490 1425 1243 1410 1317 1321 1310 1466 1433 1582 1481 1423 1442 1337 1545 1191 1225 1443 1293 1353 1317 1538 1420 1374 1508 1586 1350
1153 1262 1321 1043 1236 1160 1348 1137 1188 1260 1278 1027 1141 1158 1406 1136 1297 1197 1378 1295 1217 1542 1264 1356 1123 1203 1198 1055 1196 1313 1116 1451 1228 1495 1241 1158 1308 1332 1301 1314 1246 1275 1360 1181 1286 1331 1398 1270 1208 1246 1185 1331 1183 1167 1259 1086 1339 1250 1283 1259 1151 1283 1368 1235
1151 1285 1471 1162 1232 1133 1309 1327 1125 1026 1163 1090 938 1082 1269 1274 1349 1181 1428 1179 1171 1337 983 1249 1078 1137 1059 1208 1114 1237 1127 1181 1161 1404 1356 1201 1144 1188 1190 1138 1135 1216 1217 1123 1246 1267 1438 1433 1267 1228 1185 1371 1192 1095 1253 1181 1229 1243 1244 1227 1229 1454 1377 1280
1113 1297 1479 1105 1266 1115 1422 1185 1066 1401 1208 1051 1041 1328 1318 1070 1375 1334 1310 1359 1216 1541 1162 1326 1077 1147 1273 1150 1209 1378 1216 1316 1080 1398 1123 1263 1178 1362 1404 1258 1267 1231 1168 1162 1236 1400 1374 1327 1258 1280 1224 1265 1169 1228 1283 1197 1208 1281 1299 1248 1163 1334 1444 1154
1229 1323 1468 1156 1329 1138 1402 1336 1159 1208 1315 1010 977 1273 1323 1282 1303 1341 1365 1358 1311 1512 1130 1309 1260 1294 1122 1245 1227 1326 1327 1287 1148 1372 1325 1348 1199 1438 1277 1233 1309 1263 1242 1089 1323 1356 1458 1334 1223 1306 1201 1331 1239 1273 1381 1298 1324 1126 1390 1309 1194 1394 1492 1256
1328 1411 1599 1227 1409 1264 1480 1405 1221 1225 1442 1201 1088 1235 1386 1227 1260 1379 1577 1497 1243 1569 1304 1481 1203 1300 1281 1135 1287 1453 1271 1446 1286 1461 1363 1223 1211 1536 1394 1389 1322 1442 1321 1261 1383 1521 1500 1417 1226 1370 1351 1434 1353 1229 1401 1342 1509 1337 1527 1315 1340 1610 1392 1436
1059 1059 1124 1118 1190 998 1203 1116 838 1164 1118 962 952 976 1135 1030 1032 1140 1061 1222 1215 1309 1008 1141 924 881 1102 1076 985 1138 976 1171 980 1196 958 1206 1200 1151 1090 1071 1140 1133 977 920 1088 1204 1318 1142 1064 1106 1036 1097 831 1112 1158 932 1095 1148 1140 1045 1040 1139 1304 1138
1212 1364 1534 1145 1235 1145 1403 1181 1184 1425 1238 1087 1160 1192 1288 1232 1317 1272 1426 1248 1221 1475 1215 1282 1136 1154 1320 1249 1296 1325 1210 1291 1092 1276 1205 1244 1153 1378 1325 1198 1234 1227 1258 1133 1333 1308 1403 1307 1315 1267 1136 1277 1063 1209 1407 1148 1391 1336 1333 1171 1268 1385 1462 1333
968 1052 1203 1024 1190 900 1195 1228 881 1049 1055 947 962 961 1113 1008 1186 1121 1106 1228 1136 1302 1074 1187 941 1068 1027 1075 1023 1130 1036 1210 1073 1304 1078 1107 1021 1263 1239 1228 1262 1150 1106 1061 1045 1266 1239 1163 1061 1127 959 1142 911 1106 1264 1080 1055 1148 1040 1020 1053 1203 1205 1076
1132 1088 1262 947 1212 1063 1230 1173 1006 1344 1221 924 1044 1079 1219 1031 1265 1114 1346 1152 1125 1396 1212 1166 1086 1117 1099 1110 1127 1236 1252 1172 1087 1216 1164 1108 1064 1248 1216 1206 1289 1248 1147 944 1120 1221 1282 1081 1064 1186 1126 1235 1040 1104 1318 1016 1255 1144 1393 1117 1170 1192 1321 1080
1200 1390 1407 1213 1336 1246 1486 1361 1119 1353 1435 1132 1086 1189 1327 1284 1363 1305 1545 1223 1297 1589 1342 1253 1283 1224 1226 1332 1370 1303 1306 1301 1177 1425 1335 1240 1128 1455 1331 1213 1276 1392 1257 1174 1302 1295 1448 1338 1370 1325 1197 1302 1252 1218 1299 1195 1409 1262 1431 1172 1357 1436 1393 1259
1273 1248 1432 1226 1291 1158 1341 1427 1163 1328 1291 1245 964 1176 1256 1230 1378 1356 1447 1259 1359 1508 1155 1356 1117 1093 1243 1256 1257 1377 1224 1251 1156 1380 1316 1238 1197 1408 1372 1267 1221 1267 1179 1152 1353 1402 1413 1340 1362 1191 1222 1328 1146 1257 1381 1199 1312 1331 1334 1105 1345 1451 1469 1353
1080 1263 1391 1144 1156 1092 1349 1205 1062 1250 1145 1098 1102 1162 1299 1250 1244 1295 1398 1230 1283 1462 1096 1291 1132 1077 1261 1163 1232 1332 1225 1259 1200 1322 1215 1269 1169 1376 1276 1156 1150 1172 1072 1092 1250 1253 1356 1278 1264 1240 1167 1198 1084 1165 1340 1056 1285 1281 1317 1142 1240 1365 1357 1269
