0 0 0 90 14 0 45 0 21 128 28 0 15 34 0 72 0 0 0 72 0 0 64 85 63 0 0 93 32 7 0 5 77 35 0 0 39 0 0 0 47 42 8 63 18 0 0 0 40 82 12 72 0 0 27 0 28 0 0 0 24 27 0 93
63 0 35 56 2 4 81 0 0 0 9 1 18 0 0 0 36 36 0 0 12 0 0 72 48 0 0 126 0 66 0 45 184 9 0 36 27 35 12 0 36 0 7 0 0 0 0 0 0 0 48 102 45 0 18 79 0 48 1 0 63 0 0 0
0 0 0 0 0 0 63 0 93 0 0 0 0 40 0 0 0 36 0 0 40 75 0 56 84 15 0 81 40 44 0 97 63 0 0 108 21 14 9 0 46 30 0 0 0 0 0 20 63 0 30 48 86 49 0 0 0 48 0 0 56 0 0 37
12 45 20 44 0 0 9 0 0 0 0 0 0 4 0 16 0 40 20 16 0 0 0 18 14 0 16 36 0 0 0 1 99 0 0 36 3 20 0 0 10 36 4 0 32 0 20 0 0 0 9 0 0 0 0 0 0 0 0 0 32 0 45 10
0 29 0 0 0 0 0 0 9 0 0 0 126 0 0 0 45 80 23 0 0 5 0 0 0 26 0 0 0 117 0 0 7 4 35 0 99 0 0 25 0 0 9 0 0 0 4 38 15 54 36 0 0 0 81 0 15 0 0 0 72 81 7 8
29 0 40 114 16 7 0 0 2 0 3 0 18 0 0 0 10 16 42 0 0 1 16 0 0 0 28 0 0 16 4 0 56 5 0 63 12 40 0 0 0 70 11 0 69 0 7 9 0 0 28 0 0 0 0 0 0 8 0 15 56 0 0 0
21 0 35 56 0 0 0 0 21 0 0 0 40 0 64 0 0 72 63 0 0 0 0 42 0 0 0 6 0 0 0 26 49 0 0 0 64 35 3 0 6 0 7 0 0 0 0 0 35 48 60 0 43 0 72 32 0 0 0 0 64 72 40 90
21 0 35 104 0 0 33 6 0 0 5 0 10 0 0 0 20 0 0 8 0 0 0 24 0 0 4 52 6 0 0 1 58 5 0 26 3 35 2 30 4 0 7 52 0 18 24 0 0 0 25 0 25 8 4 40 0 16 0 0 35 0 0 0
0 48 67 0 0 0 83 0 58 49 54 0 84 0 0 0 0 32 74 0 36 0 40 0 0 87 81 0 0 0 0 72 28 24 54 32 0 0 0 0 0 52 90 0 49 0 16 72 0 56 20 0 0 72 0 0 0 0 6 0 0 0 0 91
0 62 0 0 0 0 0 0 7 57 0 0 63 12 0 0 35 104 1 0 0 0 48 0 0 0 0 36 0 56 6 0 66 0 0 0 36 0 0 0 0 5 7 0 0 0 24 14 0 48 0 54 0 0 0 0 0 20 0 30 0 0 0 36
27 0 0 0 0 0 0 0 9 0 79 0 14 0 81 0 28 72 36 0 81 0 0 24 0 36 54 116 0 72 9 9 0 7 72 0 0 0 0 54 0 93 0 0 0 0 0 0 8 32 51 0 35 0 12 56 0 0 0 0 49 0 0 36
36 0 30 48 0 0 0 12 0 0 0 0 0 0 0 18 0 48 0 0 54 0 0 0 0 0 36 0 0 48 6 0 42 0 0 0 0 30 0 0 0 54 12 0 0 0 0 0 18 0 0 0 0 0 0 0 0 0 0 16 0 14 0 0
9 45 15 24 6 12 81 0 9 0 72 3 0 0 81 24 0 0 36 0 0 9 7 72 49 81 0 81 0 81 0 9 102 0 135 0 27 15 0 99 36 0 3 0 12 0 0 36 27 0 9 0 0 0 0 21 27 0 3 0 3 0 0 0
63 21 25 103 28 4 48 9 0 0 0 0 0 0 0 56 0 16 0 0 30 0 0 32 0 0 12 1 0 52 11 0 92 0 0 16 0 25 12 0 8 18 5 8 56 3 0 1 0 0 35 54 0 16 26 9 0 0 0 0 7 0 7 0
0 0 0 0 10 20 0 0 0 0 0 5 0 0 0 0 0 0 0 0 0 0 0 0 0 0 0 0 0 0 0 0 0 0 0 0 0 0 0 0 0 0 0 0 0 0 0 0 0 0 15 0 0 0 0 35 0 0 5 0 0 0 0 0
20 0 0 0 0 28 0 0 0 0 12 0 0 0 0 0 0 0 12 0 0 4 29 0 7 0 0 0 0 0 16 0 0 0 0 0 0 0 32 0 0 28 4 24 0 0 28 0 0 0 0 0 0 0 8 0 0 32 0 0 0 0 0 0
6 0 0 0 20 8 0 4 33 64 32 10 2 4 8 0 0 0 0 0 0 12 14 0 5 0 0 6 0 18 0 10 0 40 0 8 0 6 0 0 0 58 21 72 0 0 0 0 0 0 6 4 0 0 0 14 38 0 2 0 0 0 0 6
0 0 0 9 4 0 0 0 63 0 0 56 14 42 56 0 0 24 0 0 0 0 0 0 53 45 0 63 0 20 0 24 35 0 0 80 0 0 0 0 0 0 49 7 4 35 0 0 0 0 5 60 0 0 0 0 0 32 0 0 0 15 0 42
0 0 0 0 0 0 0 0 43 0 62 0 30 0 49 0 0 45 54 0 36 0 0 0 0 46 0 0 0 0 0 5 0 24 53 0 21 0 0 6 0 0 54 0 0 0 0 0 0 0 27 0 10 0 0 20 0 28 6 42 0 0 97 15
0 0 0 18 0 0 27 0 0 21 0 0 0 18 0 72 0 1 0 72 3 0 0 45 69 0 0 21 0 0 0 0 22 0 30 0 0 0 0 0 27 3 0 0 39 0 0 0 0 24 26 0 0 5 0 5 0 1 0 0 0 0 83 45
63 0 30 62 0 0 0 7 61 56 0 0 72 16 0 0 40 128 35 0 100 16 10 0 49 0 76 27 0 191 8 49 69 0 0 83 24 37 72 0 0 135 56 62 49 0 0 16 0 0 9 0 0 0 18 24 0 72 0 0 56 0 59 0
0 0 6 108 12 0 0 0 0 0 0 27 0 6 0 0 0 0 0 0 0 0 0 0 0 0 0 0 36 0 0 0 0 0 45 0 0 0 0 0 0 0 9 0 39 0 0 0 45 0 42 0 0 0 0 0 0 0 0 15 0 0 72 0
15 0 74 42 30 0 0 0 36 0 0 20 0 48 0 0 0 0 5 0 48 0 28 0 38 120 67 21 53 0 0 56 112 0 42 9 15 25 0 0 0 19 5 0 7 0 0 24 0 0 43 0 6 56 0 0 0 20 0 30 8 59 35 49
0 12 0 0 0 0 81 0 0 63 0 0 30 0 0 0 0 0 0 0 0 0 9 14 63 25 0 37 0 0 0 3 0 0 45 0 0 0 0 0 0 34 20 0 63 0 2 58 0 72 27 0 0 0 0 0 0 0 0 0 0 0 72 0
40 0 0 0 0 0 54 0 0 0 72 0 35 0 48 56 0 54 0 0 0 0 0 48 0 0 0 54 0 0 0 12 54 0 0 0 74 0 8 0 24 0 0 40 0 0 0 0 0 58 28 40 12 0 63 24 0 0 0 0 56 63 30 18
56 0 0 0 0 0 63 0 24 0 0 0 0 32 0 0 0 0 0 0 48 20 0 56 24 12 0 126 32 56 0 14 135 0 0 0 21 8 16 0 28 0 0 0 0 0 0 16 0 0 24 72 4 28 24 0 0 0 0 0 32 0 0 16
0 8 7 8 0 0 48 0 0 3 56 0 0 4 0 0 0 0 1 0 24 0 10 32 0 0 9 42 0 0 6 23 24 0 6 16 0 0 0 0 0 5 0 25 0 10 0 0 0 0 8 0 0 24 8 0 0 0 0 0 3 0 49 7
10 0 0 0 0 14 81 0 0 10 6 0 0 0 0 0 0 0 9 0 0 12 14 72 0 1 0 81 0 0 8 9 81 4 0 0 27 0 12 0 36 20 2 0 0 0 14 0 0 16 0 0 0 0 6 0 0 0 0 0 14 2 7 8
47 66 0 18 8 0 0 0 71 0 49 56 41 28 101 7 15 72 27 0 12 3 0 0 21 40 0 9 0 87 0 0 105 20 61 56 9 0 13 45 0 0 52 5 8 0 24 18 9 2 13 87 0 0 18 0 9 0 0 0 0 0 50 82
0 0 0 0 0 0 0 0 0 0 0 0 0 0 0 0 0 9 0 0 27 0 0 0 54 0 0 0 0 0 0 0 9 0 0 0 0 0 0 0 0 18 0 0 0 0 0 0 0 48 9 0 0 45 18 45 0 9 0 0 0 0 0 0
28 35 1 0 0 14 5 12 4 0 6 0 0 0 0 0 0 6 43 0 18 46 57 0 45 67 0 18 0 102 8 30 27 0 56 8 0 18 0 40 0 80 44 0 0 0 14 32 24 56 11 0 0 30 21 30 42 6 0 0 0 9 0 7
0 36 0 0 0 0 0 54 0 0 0 0 0 40 0 81 0 32 0 0 0 10 25 0 0 0 0 0 0 4 0 0 28 0 0 0 0 4 0 0 0 0 27 0 0 0 16 0 81 0 0 0 0 14 0 0 0 0 0 72 16 63 0 8
47 0 12 0 0 49 72 0 42 56 80 54 40 12 0 0 20 32 75 0 72 7 49 0 0 42 24 25 0 32 32 0 0 29 0 0 0 0 0 0 0 93 61 0 110 0 49 0 0 64 25 0 25 0 0 40 0 0 6 30 35 0 0 0
39 0 0 0 0 21 54 36 0 0 16 0 34 0 0 54 28 64 29 0 72 3 66 36 0 0 48 35 0 64 20 0 0 32 0 18 35 0 0 0 0 108 21 9 20 0 21 25 54 64 91 0 35 18 60 56 0 4 0 69 81 78 0 0
3 27 0 81 32 0 54 2 0 0 0 0 0 0 0 0 0 24 0 0 0 6 7 48 0 0 0 57 4 5 0 11 75 0 0 0 18 3 0 0 24 0 8 0 32 0 12 0 5 0 40 0 0 0 0 0 3 0 0 0 0 0 0 0
0 0 0 3 0 0 0 0 56 0 21 0 0 0 0 0 0 0 0 0 0 25 0 0 0 0 0 28 0 10 0 48 12 0 0 0 0 10 8 0 16 0 0 0 0 0 0 0 56 0 4 0 72 35 0 0 0 0 0 0 40 0 20 28
34 0 0 69 6 16 0 42 9 24 144 0 12 12 0 35 0 0 0 27 0 18 48 0 0 10 45 67 0 18 36 78 21 15 0 0 36 9 5 45 41 28 29 58 27 42 81 20 0 10 0 25 0 0 0 36 21 0 27 0 0 0 28 0
6 64 10 16 4 8 0 0 1 15 0 2 40 0 0 64 0 0 77 0 0 4 0 48 0 0 0 0 0 0 30 0 14 0 40 5 64 10 0 0 0 52 2 2 32 0 0 0 16 120 94 0 0 0 99 20 0 0 2 0 72 72 64 72
5 0 63 52 0 7 12 0 28 0 69 0 20 10 0 40 0 42 39 58 24 1 61 33 91 28 111 0 0 35 4 156 6 16 54 46 24 0 0 30 21 7 37 2 28 0 61 0 0 0 0 56 0 76 2 0 0 56 22 0 0 0 0 88
0 45 9 49 0 12 54 27 86 7 35 0 18 0 0 0 10 32 45 21 0 35 30 0 0 0 35 57 0 16 27 49 30 0 0 135 76 12 0 35 31 1 2 0 28 9 71 7 0 8 87 0 0 0 54 27 54 0 21 0 0 0 21 63
0 54 42 0 0 0 27 0 90 0 3 72 105 36 120 64 57 126 18 0 0 40 24 71 27 0 54 67 0 72 0 57 27 3 56 144 36 0 0 0 12 0 72 0 32 0 5 63 4 0 35 36 27 48 0 48 0 0 0 0 29 0 62 132
0 0 0 0 0 32 9 72 7 0 0 0 0 0 0 0 0 6 0 0 0 28 0 8 8 0 0 35 0 5 72 9 33 0 0 41 3 0 0 0 68 0 0 14 0 24 0 8 0 0 0 8 0 0 0 114 0 8 0 0 0 0 56 0
0 0 0 71 0 0 48 0 9 0 0 8 2 12 8 32 0 0 0 32 0 0 5 52 66 0 0 0 28 0 0 0 0 0 0 24 0 0 0 0 12 0 14 8 8 0 0 0 35 0 0 4 0 16 8 0 0 0 0 0 0 0 0 26
18 0 30 111 0 0 0 0 0 0 45 0 0 0 0 0 0 0 15 27 32 0 39 0 28 77 45 0 0 0 0 83 107 20 0 0 36 30 0 45 9 0 6 20 27 0 81 0 0 0 0 0 0 0 0 0 0 0 27 0 4 24 47 40
0 0 0 0 0 0 0 0 43 54 0 32 71 28 32 0 35 56 0 0 0 0 48 0 12 0 0 36 0 56 0 0 24 0 0 32 45 0 48 0 0 0 35 36 0 0 0 14 0 48 0 70 0 0 12 0 0 80 0 48 0 0 0 60
0 0 0 7 0 0 0 0 49 0 49 0 0 0 40 0 0 45 0 0 0 0 0 0 0 0 0 14 0 0 0 47 0 0 0 0 0 0 7 0 14 0 0 0 0 0 0 0 49 0 0 0 73 0 0 20 0 0 0 0 0 0 25 22
0 16 0 0 0 0 0 0 0 6 5 0 16 0 0 0 20 55 2 0 3 0 0 0 78 5 0 25 0 45 12 54 1 5 0 54 0 0 0 0 0 15 4 0 0 0 0 8 0 0 26 72 25 5 0 45 0 73 0 0 35 0 0 0
0 0 0 0 0 0 54 0 37 36 45 0 25 8 0 0 0 0 99 0 30 48 32 84 0 35 0 84 0 0 0 6 76 20 0 82 18 0 0 0 24 0 45 4 0 0 0 0 12 32 26 36 0 0 0 12 0 0 5 0 0 0 10 78
9 0 0 23 0 0 0 0 0 20 29 0 0 0 0 0 0 24 3 9 27 20 9 0 0 1 33 0 0 24 3 21 3 4 0 0 12 0 24 15 3 27 0 0 9 0 27 0 0 0 0 0 0 0 0 0 0 0 9 0 28 4 7 8
0 0 0 0 0 0 0 0 0 30 8 0 16 0 0 0 32 0 0 0 0 30 0 0 0 0 0 40 0 0 0 0 0 8 0 0 0 0 44 0 0 18 0 6 0 0 0 0 0 48 40 0 40 0 20 64 0 8 0 0 98 6 0 0
18 0 0 105 0 0 0 48 50 48 94 0 25 0 72 63 0 0 0 18 24 0 18 0 42 32 30 0 28 54 0 84 6 0 64 0 64 6 0 78 6 0 64 0 18 0 54 0 98 30 20 0 0 0 45 0 0 0 18 56 40 94 12 0
10 0 0 0 6 12 0 0 67 0 18 27 6 12 24 14 0 0 0 0 0 0 0 0 9 0 0 45 0 0 0 0 0 0 0 24 35 10 2 0 0 3 21 10 0 0 0 0 0 12 44 22 0 0 48 21 45 0 3 0 0 0 0 18
24 0 0 10 0 0 0 8 147 64 81 0 99 10 0 40 0 0 144 40 150 30 16 67 91 108 0 8 0 84 0 120 0 36 0 0 24 20 4 0 23 45 165 40 10 0 0 72 42 0 28 0 36 42 0 0 0 32 9 48 56 0 40 116
28 85 0 36 16 0 0 0 0 15 0 0 0 0 0 0 0 40 23 0 8 0 8 0 56 6 0 0 0 24 30 0 71 24 0 0 0 0 8 0 0 25 0 0 16 0 20 0 0 0 20 36 0 0 12 0 0 0 0 0 0 0 42 48
28 0 0 32 0 0 0 4 50 18 71 0 60 4 9 0 0 0 84 0 50 20 16 0 0 60 0 12 4 32 0 0 44 56 8 12 40 8 16 26 0 0 63 38 0 0 16 0 0 46 20 54 0 28 59 0 0 8 7 0 72 45 49 84
0 36 71 0 0 0 0 48 0 0 0 36 0 8 0 72 0 32 0 12 0 0 36 0 0 36 87 108 0 0 0 81 56 0 54 0 0 0 11 0 0 0 24 6 36 27 16 0 72 0 0 0 0 72 2 0 0 32 0 84 0 68 0 63
0 24 0 27 0 0 0 0 48 0 0 0 0 64 56 64 0 63 0 0 64 40 0 0 48 24 0 0 76 16 0 7 0 0 0 0 0 16 0 0 0 0 3 0 32 0 0 32 15 0 48 0 22 56 0 28 0 0 0 0 72 0 35 53
21 36 35 72 16 0 0 2 24 64 32 0 0 0 0 0 0 32 0 0 0 40 0 0 0 0 0 0 2 24 0 0 77 40 0 6 0 51 0 10 0 48 7 88 0 0 24 0 0 0 0 0 0 56 0 0 32 0 0 0 64 0 0 32
0 21 28 81 0 0 35 0 28 0 3 0 26 0 0 0 12 0 59 0 0 0 19 6 0 5 27 15 36 0 0 24 0 23 18 56 32 0 0 0 0 0 9 0 0 0 0 0 47 24 70 0 15 24 36 24 0 0 0 0 53 36 35 119
35 0 0 36 16 0 0 0 48 0 0 0 40 128 0 0 0 0 0 0 74 0 40 0 48 24 0 0 64 30 0 0 45 0 10 0 64 0 10 0 0 0 0 0 16 0 0 32 0 48 106 45 8 0 87 0 0 0 0 0 64 72 16 0
67 56 0 18 0 0 0 19 0 21 0 0 0 0 0 27 0 48 32 0 68 0 0 0 0 0 56 0 1 90 48 0 63 0 0 48 0 0 14 5 0 134 9 8 35 0 4 0 27 0 0 63 0 0 21 0 0 0 0 24 40 21 0 0
49 0 15 49 0 56 0 42 0 0 87 0 0 26 0 127 0 0 87 64 0 28 56 82 56 0 0 45 0 8 32 0 21 0 0 0 0 23 0 0 24 56 32 5 16 25 56 0 77 0 28 0 0 28 0 0 0 0 0 56 32 49 0 119
15 24 4 0 0 0 20 5 59 40 64 0 0 0 72 0 0 5 32 0 35 23 7 0 86 47 0 27 0 80 0 35 32 0 85 32 0 13 0 63 0 21 30 0 0 0 0 12 9 56 34 0 0 53 21 25 9 5 0 0 32 0 55 44
0 0 0 0 0 0 0 24 30 0 0 0 10 40 0 36 0 1 45 0 43 0 0 30 36 15 0 0 40 0 0 0 1 0 0 0 16 0 0 0 0 0 12 0 0 0 0 20 46 12 59 0 5 5 18 5 0 1 0 32 16 46 0 45
