1297 1509 1242 1069 1186 1153 1239 1359 1248 1265 1415 1555 1380 1120 1314 1387 1451 1457 1399 1398 1340 1190 1368 1438 1322 1636 1277 1546 1096 1321 1376 1330 1377 1264 1114 1489 1611 1290 1268 1376 1395 941 1208 1219 1371 1419 1113 1418 1372 1390 1477 1431 1532 1420 1390 1352 1410 1390 1270 1315 1464 1322 1399 1360
1397 1447 1340 1222 1357 1265 1348 1292 1404 1335 1372 1471 1419 1174 1426 1227 1544 1442 1381 1332 1528 1407 1411 1373 1456 1733 1317 1499 1200 1420 1448 1276 1447 1288 1216 1413 1602 1352 1276 1433 1425 1090 1333 1289 1478 1398 1260 1471 1402 1419 1594 1653 1408 1387 1533 1362 1266 1409 1426 1509 1419 1382 1413 1338
1397 1549 1364 1188 1487 1420 1357 1474 1285 1435 1503 1496 1553 1160 1478 1418 1564 1577 1459 1494 1507 1420 1378 1389 1418 1673 1435 1566 1159 1494 1754 1386 1428 1375 1286 1587 1739 1491 1386 1419 1546 1120 1411 1317 1465 1522 1221 1596 1415 1506 1573 1573 1582 1341 1493 1542 1502 1537 1337 1530 1382 1465 1539 1403
1285 1401 1333 1145 1375 1272 1361 1277 1355 1341 1389 1529 1411 1235 1541 1428 1566 1436 1422 1417 1349 1272 1443 1414 1294 1673 1349 1320 1082 1511 1467 1325 1523 1246 1091 1384 1411 1297 1280 1515 1376 1014 1382 1252 1575 1409 1178 1424 1375 1344 1600 1524 1457 1396 1539 1337 1388 1563 1438 1612 1523 1387 1452 1492
1366 1400 1163 1189 1460 1374 1242 1227 1237 1380 1363 1391 1487 1269 1450 1364 1577 1561 1375 1366 1372 1351 1419 1369 1440 1669 1276 1397 1204 1331 1492 1370 1464 1367 1260 1452 1570 1354 1237 1386 1319 1024 1337 1165 1363 1493 1180 1381 1370 1327 1479 1532 1444 1334 1464 1374 1414 1462 1344 1412 1340 1479 1378 1362
1269 1315 1176 1032 1256 1072 1280 1282 1254 1387 1357 1342 1338 1037 1389 1232 1380 1375 1426 1359 1361 1155 1320 1386 1340 1660 1229 1284 996 1362 1430 1368 1295 1213 987 1444 1482 1168 1320 1267 1310 985 1284 1089 1444 1291 1267 1411 1277 1361 1407 1378 1373 1307 1401 1344 1334 1424 1206 1414 1264 1385 1392 1273
1375 1466 1161 1229 1397 1192 1322 1409 1318 1266 1411 1488 1413 1164 1440 1333 1376 1491 1338 1410 1245 1157 1513 1408 1332 1637 1197 1409 1141 1339 1442 1306 1575 1241 1067 1461 1584 1383 1200 1365 1218 1054 1307 1279 1393 1430 1250 1314 1458 1301 1696 1456 1474 1284 1460 1412 1322 1486 1234 1371 1356 1358 1391 1308
1002 1217 1000 1038 1067 963 941 1041 1086 1078 1215 1094 1075 963 1189 1047 1210 1122 1127 1012 1100 1040 1210 1084 1111 1423 1122 1086 955 1083 1160 1094 1175 1034 1025 1195 1307 1162 964 1073 1080 834 1072 1030 1204 1058 950 1134 1129 1120 1270 1226 1209 1162 1257 1130 1073 1214 1063 1174 1120 1177 1191 1184
1175 1375 1099 1160 1226 1117 1248 1180 1108 1202 1162 1266 1287 980 1366 1283 1393 1243 1114 1335 1319 1060 1361 1241 1138 1391 1070 1112 999 1320 1266 1200 1276 1369 1063 1298 1341 1112 1194 1202 1156 1092 1174 1168 1468 1213 1159 1338 1213 1265 1390 1469 1329 1086 1325 1356 1125 1475 1056 1327 1147 1374 1252 1137
930 1292 1133 988 1189 1117 1155 1166 1159 1171 1286 1255 1228 1022 1306 1236 1343 1218 1149 1189 1180 1181 1277 1210 1155 1442 1141 1190 961 1207 1328 1119 1266 1236 1046 1224 1370 1103 1121 1207 1308 972 1052 1018 1310 1223 998 1299 1211 1263 1285 1360 1313 1180 1264 1247 1188 1299 1172 1280 1124 1306 1305 1121
1052 1294 1048 983 1153 1138 1215 1028 1112 1092 1104 1267 1297 1082 1200 1074 1419 1260 1073 1210 1195 1140 1121 1104 1115 1405 1125 1120 926 1122 1219 1156 1087 1171 1070 1193 1321 1131 1136 1165 1224 839 1029 1021 1287 1124 942 1298 1111 1175 1164 1326 1266 1006 1213 1188 1053 1244 1164 1218 1200 1149 1157 1086
1281 1468 1253 1112 1267 1117 1397 1206 1206 1165 1163 1406 1383 1147 1255 1175 1524 1273 1374 1272 1321 1263 1301 1271 1296 1468 1184 1270 1018 1353 1326 1157 1295 1262 1178 1475 1387 1325 1240 1375 1319 908 1133 1269 1421 1389 1095 1363 1235 1211 1373 1525 1387 1354 1196 1258 1191 1438 1263 1352 1323 1263 1293 1175
1197 1336 1208 1193 1235 1191 1208 1305 1326 1269 1311 1354 1411 1164 1504 1250 1303 1415 1236 1193 1320 1208 1371 1299 1203 1557 1303 1388 1070 1328 1506 1170 1489 1155 1035 1242 1377 1361 1080 1259 1253 992 1358 1195 1427 1249 1214 1364 1366 1218 1449 1329 1336 1323 1372 1462 1254 1456 1203 1354 1309 1346 1385 1435
1058 1209 938 946 1085 946 1099 1056 1057 1051 1275 1206 1106 918 1197 1093 1122 1237 1061 1168 1096 972 1140 1069 1148 1402 1031 1182 808 1136 1082 1136 1313 1096 1078 1127 1272 1124 1016 1062 1153 938 1069 1177 1192 1033 1027 1199 1118 1174 1344 1212 1271 1130 1083 1163 1093 1118 1044 1207 1064 1120 1201 1033
1296 1340 1283 1142 1191 1206 1176 1263 1213 1077 1148 1370 1266 1106 1341 1333 1439 1383 1277 1269 1368 1284 1253 1112 1225 1491 1224 1276 991 1253 1305 1259 1360 1134 1096 1421 1429 1137 1025 1377 1341 884 1259 1084 1273 1231 1176 1254 1268 1314 1503 1474 1309 1179 1422 1231 1230 1260 1251 1308 1311 1278 1362 1254
1067 1241 1161 1034 1343 1177 1323 1252 1061 1261 1189 1274 1276 1088 1356 1314 1319 1260 1198 1202 1248 1075 1211 1249 1133 1442 1169 1189 953 1322 1312 1224 1137 1187 1006 1226 1346 1222 1274 1213 1315 909 1228 1090 1320 1259 1120 1393 1153 1198 1369 1320 1296 1329 1220 1350 1172 1376 1074 1417 1141 1413 1377 1222
1356 1595 1229 1302 1370 1353 1379 1545 1344 1277 1459 1579 1494 1358 1629 1481 1643 1691 1364 1560 1506 1139 1497 1466 1400 1612 1432 1385 1126 1299 1618 1376 1574 1474 1334 1486 1684 1330 1332 1511 1355 1193 1423 1327 1604 1466 1284 1466 1434 1295 1585 1716 1500 1376 1564 1483 1301 1626 1388 1459 1412 1473 1515 1467
1163 1221 1277 917 1107 1231 1087 1162 1136 1236 1284 1201 1293 1001 1172 1162 1271 1227 1158 1070 1189 976 1397 1205 1191 1308 1240 1251 1006 1150 1429 1145 1242 1185 914 1194 1413 1140 1138 1166 1206 911 1213 1025 1194 1217 1052 1267 1124 1213 1342 1262 1260 1303 1217 1221 1195 1295 1135 1315 1157 1185 1137 1255
1295 1411 1162 1095 1250 1117 1163 1238 1180 1310 1252 1288 1265 1041 1225 1321 1359 1324 1296 1403 1331 1022 1400 1305 1294 1511 1220 1206 1019 1204 1207 1256 1256 1365 1173 1376 1520 1068 1243 1264 1097 1048 1155 1137 1369 1283 1133 1380 1216 1205 1349 1407 1255 1170 1334 1345 1285 1400 1135 1262 1214 1362 1340 1292
1320 1468 1328 1237 1231 1316 1423 1423 1223 1314 1385 1560 1481 1170 1444 1420 1483 1496 1405 1479 1405 1231 1544 1229 1340 1728 1144 1356 1048 1450 1516 1477 1527 1286 1162 1404 1494 1232 1276 1488 1350 1097 1334 1288 1450 1314 1370 1446 1227 1324 1472 1570 1625 1310 1417 1419 1417 1597 1277 1539 1388 1341 1515 1364
1103 1419 1177 1190 1100 1180 1311 1182 1255 1126 1311 1303 1306 1074 1326 1249 1417 1329 1183 1204 1330 1169 1447 1159 1230 1542 1214 1242 943 1221 1266 1287 1409 1253 1104 1362 1391 1239 1082 1313 1392 927 1200 1115 1357 1264 1175 1320 1233 1197 1379 1514 1444 1240 1265 1324 1183 1348 1222 1393 1246 1289 1423 1223
1104 1432 1267 1065 1138 1181 1206 1279 1263 1192 1257 1418 1390 1107 1209 1248 1407 1143 1240 1361 1305 1055 1321 1315 1196 1510 1196 1389 1023 1265 1297 1115 1310 1149 1028 1301 1393 1203 1267 1291 1270 1116 1218 1103 1276 1301 1192 1503 1285 1236 1470 1366 1300 1209 1402 1222 1207 1377 1289 1219 1285 1388 1276 1278
1222 1522 1196 1041 1262 1213 1247 1248 1162 1117 1428 1402 1412 1128 1453 1261 1455 1386 1194 1315 1376 1249 1370 1145 1126 1437 1147 1298 1002 1397 1314 1379 1291 1417 1196 1231 1471 1237 1202 1343 1386 1009 1337 1271 1436 1304 1187 1334 1212 1270 1569 1443 1511 1298 1335 1354 1196 1343 1168 1404 1308 1302 1264 1297
1402 1469 1380 1191 1443 1331 1436 1378 1176 1296 1392 1401 1412 1288 1442 1396 1615 1522 1492 1581 1496 1375 1487 1286 1432 1756 1298 1402 1165 1409 1600 1390 1554 1383 1269 1580 1744 1355 1371 1576 1492 1050 1445 1393 1566 1525 1330 1547 1382 1424 1549 1610 1431 1284 1519 1501 1412 1627 1402 1466 1365 1375 1497 1343
1291 1295 1162 1009 1218 1180 1326 1211 1140 1337 1246 1346 1363 1073 1258 1229 1293 1403 1241 1216 1218 1266 1290 1327 1284 1464 1211 1206 1028 1240 1287 1220 1335 1251 1244 1318 1345 1231 1252 1185 1281 956 1041 1319 1328 1250 1129 1373 1160 1263 1322 1422 1389 1197 1233 1351 1229 1409 1253 1245 1319 1347 1170 1199
1221 1335 1316 1036 1126 1200 1303 1268 1195 1296 1368 1308 1243 1127 1380 1202 1356 1408 1231 1330 1402 1218 1457 1310 1287 1498 1215 1294 1007 1345 1417 1238 1342 1296 1183 1412 1516 1246 1263 1369 1409 997 1278 1124 1395 1420 1141 1383 1194 1177 1383 1506 1443 1339 1315 1330 1263 1424 1334 1404 1308 1357 1314 1286
1166 1480 1290 1109 1270 1385 1408 1438 1221 1403 1407 1472 1552 1199 1447 1374 1516 1381 1401 1466 1346 1277 1461 1310 1369 1629 1367 1362 1145 1369 1577 1328 1411 1293 1169 1420 1450 1247 1355 1376 1474 1070 1249 1204 1596 1387 1291 1526 1322 1459 1560 1411 1499 1334 1446 1357 1414 1565 1374 1448 1377 1362 1529 1386
1147 1315 1181 1153 1325 1208 1331 1299 1164 1207 1335 1355 1280 1330 1406 1319 1497 1400 1369 1466 1344 1294 1344 1293 1291 1663 1159 1296 1034 1385 1451 1223 1471 1317 1098 1451 1499 1430 1203 1429 1423 1060 1304 1252 1442 1358 1228 1457 1368 1248 1563 1489 1401 1363 1415 1259 1288 1487 1358 1453 1313 1397 1496 1338
1196 1237 1136 986 1258 1227 1177 1184 1124 1175 1270 1226 1383 1025 1281 1198 1344 1269 1253 1108 1282 1143 1292 1214 1286 1483 1253 1258 1010 1315 1283 1307 1266 1223 1089 1218 1428 1144 1263 1146 1220 979 1286 1065 1232 1300 992 1203 1130 1230 1373 1371 1308 1284 1160 1340 1075 1246 1190 1319 1188 1300 1196 1230
1415 1621 1446 1236 1491 1442 1480 1394 1360 1316 1491 1546 1525 1284 1477 1436 1564 1602 1444 1452 1539 1431 1605 1422 1343 1803 1325 1574 1200 1514 1588 1365 1610 1428 1193 1603 1591 1491 1313 1558 1470 1063 1424 1366 1534 1510 1284 1557 1456 1375 1628 1594 1622 1442 1430 1430 1327 1582 1336 1615 1581 1438 1479 1437
1233 1470 1325 1148 1260 1240 1365 1382 1237 1238 1353 1358 1393 1249 1413 1248 1497 1252 1474 1391 1392 1181 1461 1324 1337 1648 1250 1227 1097 1389 1492 1313 1511 1249 1026 1506 1433 1225 1194 1401 1300 1008 1314 1175 1454 1262 1278 1490 1357 1321 1503 1420 1422 1274 1468 1263 1262 1580 1339 1453 1363 1373 1389 1376
1216 1210 1149 989 1161 1057 1127 1197 1098 1156 1218 1322 1355 934 1230 1189 1220 1225 1220 1164 1211 1030 1245 1181 1164 1474 1211 1218 955 1150 1232 1201 1167 1171 1035 1204 1403 1206 1186 1169 1156 829 1141 1116 1228 1246 1053 1226 1184 1122 1251 1311 1209 1145 1150 1387 1319 1320 1097 1165 1246 1180 1188 1190
1253 1565 1391 1090 1283 1208 1183 1295 1286 1232 1342 1496 1458 1146 1432 1291 1582 1433 1408 1371 1466 1383 1346 1283 1289 1647 1166 1385 1105 1389 1470 1348 1314 1263 1130 1424 1546 1263 1204 1408 1408 1072 1285 1187 1461 1314 1172 1525 1318 1334 1447 1445 1503 1224 1442 1328 1319 1416 1276 1345 1368 1327 1365 1309
1258 1512 1369 1176 1374 1234 1356 1230 1379 1405 1317 1365 1381 1111 1351 1316 1408 1486 1310 1344 1402 1243 1490 1355 1376 1641 1315 1380 1108 1340 1416 1313 1363 1317 1180 1535 1583 1329 1273 1352 1368 997 1195 1231 1376 1405 1227 1498 1434 1383 1409 1529 1505 1287 1381 1408 1303 1420 1291 1506 1352 1463 1358 1243
1074 1265 1191 978 1143 1184 1158 1221 914 1160 1194 1299 1285 1071 1247 1272 1263 1128 1275 1243 1227 1057 1313 1140 1213 1355 1056 1210 928 1272 1265 1136 1235 1315 1043 1200 1319 1076 1184 1269 1238 979 1141 1206 1287 1211 1055 1458 1078 1165 1212 1297 1322 1236 1182 1175 1252 1349 1231 1313 1120 1190 1297 1126
1340 1446 1309 1155 1324 1311 1247 1231 1417 1271 1402 1327 1356 1080 1388 1257 1378 1588 1406 1415 1387 1192 1363 1223 1454 1599 1350 1370 1085 1269 1330 1305 1385 1340 1150 1417 1568 1253 1146 1388 1337 1063 1237 1193 1414 1356 1279 1382 1413 1338 1684 1492 1470 1323 1317 1248 1338 1258 1223 1317 1307 1306 1296 1342
1240 1438 1329 1034 1347 1245 1250 1268 1285 1293 1403 1420 1312 1142 1347 1252 1291 1431 1247 1309 1314 1130 1332 1330 1303 1514 1369 1321 1093 1302 1501 1249 1329 1335 1173 1494 1600 1215 1232 1390 1282 932 1222 1016 1413 1294 997 1395 1390 1351 1427 1398 1363 1277 1362 1350 1349 1420 1173 1402 1327 1300 1344 1251
1155 1333 1123 1053 1225 1120 1289 1147 1238 1232 1313 1326 1211 1089 1339 1236 1402 1344 1159 1272 1367 1222 1256 1242 1175 1588 1222 1200 962 1138 1349 1296 1305 1183 1103 1404 1416 1145 1227 1213 1300 863 1258 1185 1380 1210 1177 1383 1212 1307 1350 1403 1265 1175 1439 1258 1083 1327 1239 1348 1309 1193 1305 1103
1026 1391 1074 956 1097 990 1230 1255 1111 1116 1131 1328 1254 1064 1116 1226 1312 1223 1288 1182 1218 952 1270 1087 1121 1412 1162 1222 950 1228 1267 1238 1160 1199 999 1251 1388 1034 1139 1184 1190 954 1119 1200 1227 1254 1075 1255 1056 1118 1364 1342 1239 1226 1241 1219 1047 1353 1062 1264 1095 1279 1230 1135
1235 1337 1137 1156 1256 1209 1317 1211 1148 1129 1100 1365 1437 1076 1277 1265 1444 1300 1349 1395 1388 1204 1216 1129 1274 1548 1113 1311 1016 1392 1314 1352 1221 1245 1069 1325 1318 1123 1273 1227 1252 1042 1141 1095 1273 1269 1151 1390 1262 1288 1381 1446 1356 1180 1273 1233 1141 1380 1145 1371 1281 1272 1332 1299
1181 1325 1109 1074 1307 1131 1137 1217 1210 1163 1118 1247 1373 1023 1267 1276 1336 1377 1316 1231 1247 1022 1305 1129 1204 1536 1223 1236 961 1199 1403 1199 1280 1184 954 1221 1357 1138 1180 1246 1143 1045 1269 1117 1316 1325 1119 1226 1223 1219 1369 1353 1236 1231 1211 1339 1210 1342 1047 1285 1198 1232 1207 1278
1099 1242 1092 962 1222 1050 1299 1192 1157 1216 1105 1285 1284 1092 1108 1105 1260 1202 1157 1139 1098 1002 1233 1143 1139 1418 1146 1056 933 1187 1434 1113 1151 1013 982 1285 1397 1164 1183 1147 1207 902 1099 1101 1271 1261 1109 1255 1200 1165 1282 1305 1262 1109 1216 1291 1095 1341 1178 1301 1209 1165 1173 1071
1202 1316 1080 1018 1280 1102 1142 1075 1046 1090 1170 1248 1216 947 1154 1263 1333 1314 1183 1280 1247 1049 1251 1187 1213 1428 1142 1193 929 1174 1213 1132 1356 1104 1063 1244 1334 1134 1118 1210 1167 925 1117 1142 1205 1223 1022 1264 1185 1269 1225 1339 1257 1149 1190 1261 1146 1275 1239 1335 1188 1206 1193 1163
855 1165 980 968 1008 1033 926 1064 986 1033 1110 1113 1149 966 1222 1194 1356 1114 1103 1080 1185 1001 1167 1143 1089 1305 1024 1088 927 1244 1240 1157 1101 1077 917 1078 1294 1071 1038 1076 1259 963 1105 897 1115 1151 941 1282 1018 1173 1222 1300 1286 1181 1279 1115 1052 1245 1135 1267 1087 1276 1166 1131
1260 1390 1238 1116 1293 1218 1366 1317 1322 1273 1256 1489 1431 1203 1315 1402 1379 1433 1363 1427 1417 1147 1286 1292 1190 1525 1235 1270 1042 1358 1372 1267 1317 1276 1120 1404 1373 1355 1135 1355 1342 1061 1281 1301 1486 1285 1354 1399 1406 1278 1624 1435 1487 1251 1312 1347 1197 1394 1297 1430 1431 1339 1455 1374
1057 1244 1114 1053 1255 1144 1269 1137 1157 1174 1230 1316 1365 1147 1316 1273 1361 1359 1183 1332 1261 1112 1298 1231 1268 1406 1295 1248 1063 1286 1403 1127 1374 1169 1072 1274 1479 1209 1111 1237 1273 981 1116 1151 1340 1305 1059 1282 1223 1298 1347 1418 1248 1165 1266 1342 1214 1393 1286 1219 1260 1328 1240 1116
1259 1284 1050 1017 1266 1184 1258 1211 1136 1274 1204 1289 1286 1155 1364 1276 1366 1448 1324 1331 1313 1085 1267 1211 1245 1489 1221 1223 1045 1311 1411 1226 1365 1281 1160 1407 1457 1160 1132 1238 1243 938 1277 1095 1370 1248 1187 1310 1219 1218 1404 1323 1344 1219 1336 1185 1197 1399 1236 1344 1233 1261 1442 1202
1287 1385 1238 1119 1394 1239 1217 1216 1272 1265 1300 1427 1380 1120 1471 1366 1498 1470 1354 1306 1367 1279 1314 1391 1249 1659 1242 1357 1121 1327 1422 1220 1297 1247 1051 1295 1455 1242 1169 1355 1331 1082 1314 1191 1409 1406 1120 1391 1220 1256 1443 1496 1348 1301 1362 1287 1284 1388 1219 1345 1373 1382 1267 1331
1177 1400 1139 1181 1296 1189 1169 1295 1176 1348 1233 1304 1271 1162 1344 1326 1339 1281 1309 1220 1191 1139 1340 1258 1260 1439 1235 1186 1015 1227 1387 1293 1338 1242 1123 1381 1375 1274 1215 1250 1184 963 1247 1238 1388 1323 1135 1282 1208 1316 1454 1372 1328 1375 1436 1273 1237 1471 1155 1473 1242 1331 1359 1306
1214 1412 1340 1021 1300 1277 1242 1175 1247 1269 1345 1455 1397 1067 1400 1413 1439 1433 1229 1323 1195 1122 1298 1261 1207 1448 1249 1313 1009 1206 1504 1109 1407 1236 1141 1353 1417 1228 1217 1359 1373 958 1322 1180 1482 1357 1088 1382 1230 1228 1357 1469 1482 1321 1347 1230 1271 1376 1346 1400 1311 1173 1404 1214
1050 1220 1149 1026 1099 1224 1166 1139 1089 1287 1300 1227 1179 970 1293 1152 1156 1299 1094 1146 1196 1034 1266 1162 1179 1466 1238 1237 923 1155 1351 1270 1307 1156 1028 1260 1422 1215 1137 1218 1217 892 1102 1062 1325 1168 978 1144 1251 1232 1353 1189 1306 1209 1157 1206 1311 1363 1090 1419 1201 1190 1288 1233
1001 1300 1091 1026 1032 1075 1100 1070 1087 1024 1093 1284 1231 915 1183 1026 1163 1200 1060 1170 1170 1013 1199 1051 1125 1319 1024 1232 868 1166 1048 1154 1148 1053 1087 1150 1238 1019 1145 1218 1164 874 1015 956 1152 1260 1039 1241 1177 1049 1273 1253 1159 1078 1236 1104 1188 1187 1122 1148 1104 1108 1120 1039
1065 1205 1156 989 1075 1142 1030 1021 1189 1081 1224 1301 1144 971 1268 1186 1281 1284 1120 1096 1251 1104 1307 1153 1055 1462 1104 1244 939 1166 1230 1135 1212 1065 1005 1153 1333 1217 1001 1214 1225 875 1081 1039 1197 1156 994 1293 1224 1107 1268 1274 1378 1202 1255 1182 1124 1226 1188 1238 1360 1183 1148 1226
1055 1254 1278 1082 1172 1317 1191 1217 1041 1314 1194 1306 1226 1107 1178 1254 1285 1219 1198 1369 1295 1170 1227 1214 1292 1563 1158 1260 1068 1059 1369 1195 1269 1101 1129 1334 1468 1325 1325 1310 1170 980 1198 1132 1347 1243 1093 1429 1285 1211 1342 1195 1149 1111 1294 1259 1278 1351 1262 1341 1166 1188 1390 1260
1264 1421 1233 1136 1355 1240 1367 1334 1301 1360 1253 1458 1451 1184 1441 1329 1447 1411 1504 1463 1438 1237 1293 1399 1294 1673 1365 1319 1085 1423 1598 1337 1503 1223 1105 1545 1610 1188 1366 1332 1324 1052 1335 1209 1402 1415 1224 1369 1364 1497 1573 1475 1357 1251 1542 1313 1403 1619 1349 1339 1390 1377 1310 1240
1111 1445 1234 1108 1327 1224 1320 1152 1191 1396 1329 1361 1356 1154 1362 1245 1563 1266 1416 1402 1401 1285 1366 1366 1321 1659 1200 1381 1106 1325 1447 1361 1286 1303 1119 1351 1526 1281 1301 1361 1392 960 1198 1177 1458 1412 1110 1405 1332 1409 1427 1375 1389 1249 1365 1403 1362 1457 1264 1463 1212 1337 1390 1284
1356 1640 1390 1270 1406 1404 1550 1404 1326 1361 1384 1545 1527 1228 1450 1400 1637 1490 1512 1567 1567 1358 1503 1425 1319 1789 1324 1446 1078 1416 1461 1462 1454 1521 1314 1571 1576 1409 1515 1530 1456 1146 1357 1323 1483 1458 1303 1488 1338 1453 1648 1643 1570 1408 1428 1356 1398 1614 1406 1558 1403 1514 1444 1457
1227 1270 1221 928 1142 1068 1317 1088 1150 1209 1223 1411 1300 1070 1235 1156 1336 1292 1344 1310 1302 1168 1164 1228 1135 1559 1191 1239 898 1265 1257 1219 1205 1191 1110 1248 1306 1085 1169 1245 1265 904 1107 1248 1430 1158 1146 1304 1123 1167 1266 1295 1192 1250 1196 1152 1236 1404 1167 1211 1323 1228 1260 1314
1076 1300 1226 1074 1068 1255 1197 1221 1082 1169 1116 1326 1311 1045 1146 1216 1287 1254 1243 1343 1324 1101 1284 1060 1136 1573 1146 1236 1046 1287 1383 1249 1290 1173 1089 1326 1379 1087 1252 1266 1179 967 1193 1042 1156 1149 1144 1317 1212 1265 1369 1306 1285 1084 1329 1189 1244 1368 1147 1316 1232 1208 1261 1268
1165 1359 1299 1066 1219 1306 1199 1154 1091 1302 1365 1235 1400 1075 1331 1213 1355 1326 1261 1258 1299 1187 1396 1229 1265 1525 1118 1238 1062 1139 1425 1201 1360 1276 1075 1356 1378 1310 1307 1276 1212 1070 1267 1130 1229 1294 1157 1323 1249 1218 1422 1372 1522 1113 1220 1193 1292 1416 1203 1304 1126 1317 1413 1287
1446 1588 1400 1249 1488 1483 1462 1577 1403 1330 1427 1601 1589 1405 1609 1534 1733 1582 1581 1539 1492 1262 1506 1496 1390 1701 1388 1479 1284 1459 1711 1325 1470 1410 1118 1591 1728 1327 1411 1493 1550 1170 1503 1218 1613 1672 1353 1631 1461 1389 1745 1717 1566 1469 1544 1382 1405 1645 1367 1524 1466 1445 1501 1453
1257 1516 1477 1185 1333 1432 1357 1345 1379 1470 1449 1511 1478 1181 1450 1430 1457 1479 1442 1345 1490 1298 1563 1471 1339 1683 1378 1436 1167 1224 1509 1412 1403 1421 1211 1366 1677 1381 1493 1402 1408 1126 1283 1188 1412 1490 1283 1431 1433 1354 1519 1514 1466 1404 1422 1529 1436 1500 1359 1412 1322 1473 1410 1482
1244 1357 1312 1129 1230 1230 1379 1265 1274 1288 1292 1461 1492 1225 1430 1399 1581 1465 1489 1343 1418 1285 1422 1346 1377 1755 1231 1327 1230 1378 1437 1386 1540 1382 1182 1475 1603 1361 1191 1432 1445 1099 1317 1263 1485 1267 1295 1400 1354 1324 1641 1591 1469 1400 1395 1327 1332 1631 1421 1386 1333 1438 1514 1467
1102 1344 1172 1016 1215 1175 1200 1203 1116 1143 1321 1317 1161 1046 1310 1183 1354 1284 1209 1268 1269 1144 1205 1207 1192 1442 1179 1180 1038 1170 1386 1160 1226 1155 1092 1220 1436 1203 1122 1229 1296 915 1104 1054 1349 1225 1065 1341 1191 1203 1375 1282 1236 1177 1293 1204 1190 1277 1092 1243 1208 1168 1252 1184
