1296 1161 1430 1284 1127 1155 1334 1125 1357 1014 1385 1180 1311 1184 1386 1452 1394 1262 1351 1401 1369 1361 1305 1281 942 1260 1132 1135 1327 1335 1305 1302 1412 1008 1306 1384 1206 1340 1221 1214 1135 1133 1254 1326 1313 1028 1435 1525 1305 1438 1255 1317 1332 1128 1101 1119 1289 1033 1323 1325 1138 1465 1025 1334
965 1008 1142 858 846 984 1027 941 1091 845 1009 1028 1077 845 1005 1082 953 923 1068 1045 1031 1058 1038 1134 833 1016 1009 886 981 973 1047 1056 1044 843 998 1076 901 1085 877 824 963 822 968 948 983 839 902 1071 1041 1015 1080 1000 1050 1005 920 866 936 774 1117 1019 876 979 845 904
1332 1297 1520 1270 1253 1271 1466 1190 1350 1124 1319 1288 1366 1172 1391 1423 1400 1119 1326 1381 1573 1262 1293 1347 1119 1207 1273 1191 1377 1279 1373 1391 1268 1190 1259 1412 1210 1412 1134 1233 1320 1232 1287 1328 1420 1082 1258 1532 1248 1330 1270 1416 1203 1350 1156 1099 1277 1022 1428 1324 1103 1427 1164 1330
1267 1494 1497 1251 1391 1353 1493 1223 1445 1273 1236 1247 1489 1297 1435 1632 1424 1279 1492 1551 1543 1398 1451 1396 1027 1349 1532 1224 1417 1431 1465 1366 1386 1344 1319 1456 1340 1345 1213 1250 1255 1208 1271 1470 1471 1308 1234 1645 1222 1494 1437 1370 1284 1391 1327 1184 1373 1218 1610 1488 1110 1390 1048 1299
1252 1457 1431 1202 1339 1135 1388 1214 1444 1259 1178 1209 1426 1253 1442 1614 1414 1153 1441 1520 1498 1213 1289 1336 1067 1395 1304 1223 1370 1371 1398 1325 1426 1308 1325 1484 1311 1262 1097 1319 1310 1317 1172 1341 1482 1281 1318 1590 1240 1523 1411 1372 1305 1313 1213 1130 1446 1102 1584 1534 1248 1420 1146 1347
1085 1297 1230 1116 1260 1124 1253 1015 1310 1005 1213 1032 1365 1136 1287 1317 1280 979 1352 1301 1164 1158 1272 1268 845 1242 1137 1086 1297 1204 1230 1324 1279 1141 1263 1310 1260 1163 1099 1147 1252 1156 1157 1213 1377 1133 1264 1438 1130 1266 1319 1218 1054 1228 1049 1085 1159 1073 1285 1188 1041 1326 1017 1270
1248 1387 1459 1356 1217 1268 1403 1189 1459 1199 1382 1207 1445 1374 1280 1499 1406 1319 1460 1329 1381 1475 1372 1283 986 1288 1298 1148 1236 1378 1359 1350 1567 1260 1272 1337 1199 1331 1115 1328 1295 1354 1249 1266 1437 1196 1352 1483 1239 1476 1363 1395 1387 1258 1134 1165 1345 1142 1464 1452 1230 1491 1104 1314
1108 1244 1409 1339 1347 1227 1209 1074 1295 1075 1149 1261 1405 1423 1307 1539 1258 1280 1296 1307 1407 1423 1289 1232 1035 1272 1180 1050 1349 1263 1331 1257 1450 1160 1291 1206 1266 1214 998 1246 1244 1184 1053 1361 1377 1112 1256 1339 1204 1424 1308 1242 1254 1135 1121 1097 1385 1126 1444 1358 1185 1421 1061 1147
1174 1426 1390 1091 1293 1226 1273 1028 1372 1113 1234 1100 1431 1229 1277 1395 1359 1143 1355 1280 1344 1264 1171 1233 1021 1162 1232 1249 1223 1375 1325 1336 1312 1264 1298 1242 1240 1201 1079 1156 1242 1265 1144 1183 1364 1128 1268 1456 1174 1348 1246 1400 1276 1356 1036 1065 1288 988 1355 1335 1041 1292 1104 1311
1145 1296 1325 1236 1100 1085 1327 1120 1425 1001 1246 1165 1187 1180 1255 1469 1415 1133 1336 1300 1296 1210 1264 1122 918 1177 1015 1133 1279 1280 1291 1233 1290 1168 1335 1234 1104 1363 1095 1265 1135 1166 1146 1213 1291 1085 1289 1480 1267 1459 1249 1365 1201 1031 1093 992 1384 1103 1389 1361 1022 1364 1143 1152
1360 1418 1435 1294 1424 1221 1362 1263 1364 1181 1272 1178 1440 1323 1435 1521 1443 1209 1466 1432 1508 1432 1473 1349 1062 1244 1313 1071 1423 1364 1424 1342 1431 1243 1268 1400 1273 1465 1219 1340 1384 1209 1227 1390 1466 1248 1409 1580 1270 1438 1343 1324 1225 1250 1279 1187 1304 1100 1481 1258 1219 1454 1036 1322
1357 1333 1464 1320 1262 1298 1499 1279 1469 1284 1418 1316 1339 1184 1510 1496 1369 1255 1445 1515 1374 1441 1392 1369 1040 1258 1374 1152 1389 1395 1453 1357 1390 1266 1286 1384 1399 1407 1142 1411 1387 1335 1306 1355 1512 1306 1281 1582 1204 1437 1378 1383 1385 1355 1278 1164 1341 1029 1507 1364 1209 1479 1205 1425
1098 1102 1193 1131 1033 1038 1159 993 1139 1056 1136 1050 1205 1028 1194 1295 1237 1025 1250 1290 1256 1159 1135 1046 887 1121 1028 1093 1230 1077 1131 1187 1202 1008 1092 1177 1060 1158 922 1026 1094 1014 1176 1176 1249 947 1122 1290 984 1306 1205 1105 1052 1097 996 962 1088 890 1251 1237 1018 1179 792 1212
1169 1296 1422 1138 1137 1183 1294 1039 1344 1181 1259 1214 1457 1201 1414 1486 1214 1198 1393 1456 1245 1388 1311 1332 942 1349 1294 1147 1397 1290 1345 1214 1338 1084 1270 1329 1396 1222 1109 1279 1167 1233 1111 1296 1373 1194 1316 1534 1240 1434 1286 1302 1350 1229 1191 1147 1378 1080 1359 1318 1064 1439 1256 1346
1348 1283 1515 1268 1303 1314 1356 1315 1308 1178 1354 1305 1398 1297 1586 1592 1447 1332 1474 1500 1424 1363 1425 1393 976 1321 1375 1141 1267 1314 1408 1341 1342 1226 1362 1396 1356 1441 1101 1294 1328 1362 1226 1401 1354 1242 1395 1611 1343 1516 1367 1376 1270 1264 1209 1087 1376 1186 1504 1464 1171 1407 1069 1282
1149 1219 1299 1130 1239 1140 1252 1093 1190 951 1270 1217 1243 1004 1285 1407 1372 1160 1274 1259 1286 1149 1124 1213 978 1106 1244 1087 1255 1202 1368 1327 1326 1113 1262 1256 1184 1262 1108 1072 1181 1196 1240 1221 1261 1019 1189 1305 1127 1327 1110 1261 1220 1250 1025 1023 1331 1068 1269 1375 993 1365 1061 1274
1176 1290 1455 1164 1345 1281 1315 1115 1404 1135 1240 1203 1391 1283 1304 1534 1407 1244 1459 1428 1442 1457 1309 1334 1053 1366 1352 1199 1246 1392 1455 1380 1399 1149 1236 1443 1293 1330 1219 1232 1198 1254 1220 1333 1392 1283 1332 1609 1213 1457 1255 1472 1409 1292 1216 1137 1371 1086 1479 1431 1150 1433 1205 1283
1110 1150 1221 937 1133 1016 1197 981 1073 966 1000 991 1220 1017 1232 1209 1102 1000 1175 1162 1142 1108 1143 1161 892 942 1157 875 1166 1049 1228 1100 1175 993 1025 1115 1067 1148 953 931 1111 981 1003 1123 1095 1015 1067 1224 999 1150 1036 965 1160 1105 1101 1040 1126 913 1296 1113 1018 1013 946 1097
1467 1646 1761 1468 1622 1472 1643 1351 1765 1345 1413 1391 1749 1560 1721 1825 1632 1464 1613 1684 1702 1696 1563 1561 1152 1677 1525 1331 1684 1668 1641 1503 1695 1443 1521 1528 1490 1582 1426 1545 1611 1419 1261 1621 1718 1569 1607 1889 1507 1769 1691 1596 1588 1560 1460 1445 1674 1295 1749 1559 1490 1741 1404 1542
1358 1489 1571 1275 1319 1328 1461 1240 1531 1296 1296 1295 1492 1359 1429 1657 1381 1244 1401 1477 1405 1526 1356 1313 988 1382 1297 1267 1351 1480 1461 1294 1368 1213 1400 1437 1457 1335 1239 1274 1285 1396 1234 1347 1578 1275 1419 1592 1223 1493 1434 1482 1312 1354 1205 1187 1457 1125 1404 1430 1168 1577 1302 1328
1338 1485 1642 1325 1406 1456 1606 1329 1489 1287 1324 1461 1681 1376 1555 1708 1650 1464 1503 1624 1375 1490 1553 1506 1093 1439 1438 1324 1475 1425 1623 1553 1556 1241 1418 1495 1382 1448 1188 1252 1396 1338 1360 1658 1565 1197 1419 1702 1310 1649 1530 1351 1496 1500 1309 1213 1410 1276 1592 1591 1289 1595 1245 1455
1293 1385 1532 1389 1405 1333 1268 1328 1407 1201 1371 1236 1474 1394 1247 1558 1520 1313 1383 1398 1503 1515 1279 1312 1171 1355 1132 1201 1426 1235 1439 1280 1332 1163 1315 1313 1350 1429 1083 1169 1341 1298 1305 1424 1505 1169 1425 1493 1178 1474 1373 1523 1197 1329 1175 1065 1346 1098 1549 1421 1166 1464 1082 1415
1172 1174 1359 1322 1088 1150 1163 1104 1161 1082 1139 1170 1339 1261 1237 1510 1156 1144 1411 1205 1323 1364 1297 1318 1135 1085 1049 1112 1396 1260 1293 1298 1478 1114 1196 1294 1191 1248 1042 1208 1158 1017 1180 1163 1312 1008 1233 1429 1044 1315 1287 1237 1271 1126 1124 981 1255 965 1345 1205 1071 1387 1020 1178
1232 1461 1490 1266 1328 1453 1512 1157 1510 1319 1420 1299 1459 1294 1465 1593 1476 1331 1514 1614 1484 1480 1360 1479 1080 1441 1537 1339 1440 1437 1523 1473 1544 1328 1383 1368 1352 1340 1169 1305 1439 1374 1316 1544 1448 1367 1415 1537 1370 1579 1446 1512 1368 1491 1261 1129 1347 1181 1606 1421 1154 1497 1183 1405
1188 1194 1327 1152 1035 1053 1144 994 1181 1071 1203 1080 1158 1146 1131 1364 1096 1047 1246 1200 1236 1344 1085 983 857 1017 1017 972 1198 1087 1042 1135 1221 977 1176 1222 1156 1117 982 1148 1063 1012 1157 1121 1401 962 1334 1311 1044 1222 1102 1202 1148 982 942 1050 1242 964 1156 1130 997 1236 960 1121
1343 1349 1531 1160 1398 1262 1399 1285 1458 1131 1371 1190 1366 1196 1486 1471 1413 1224 1436 1477 1505 1201 1357 1239 1026 1287 1291 1201 1256 1365 1398 1342 1357 1207 1313 1419 1286 1400 1148 1266 1314 1251 1270 1366 1432 1178 1301 1472 1288 1549 1305 1364 1295 1245 1182 1197 1371 1162 1472 1374 1162 1362 1071 1474
1427 1379 1633 1250 1332 1310 1489 1258 1330 1233 1203 1159 1562 1337 1418 1658 1428 1221 1250 1422 1540 1420 1302 1365 976 1306 1245 1056 1425 1447 1401 1320 1274 1249 1307 1286 1393 1421 1266 1189 1359 1274 1249 1369 1467 1169 1430 1603 1147 1434 1334 1329 1285 1277 1232 1113 1391 1075 1401 1359 1112 1505 1138 1379
1293 1474 1513 1203 1419 1289 1381 1265 1446 1227 1421 1330 1453 1303 1538 1548 1510 1186 1543 1523 1558 1424 1323 1383 1071 1365 1400 1286 1480 1444 1456 1408 1332 1264 1430 1458 1458 1488 1184 1377 1374 1254 1397 1395 1549 1226 1450 1748 1401 1617 1422 1493 1264 1446 1198 1182 1372 1103 1587 1477 1082 1533 1118 1575
1405 1596 1705 1348 1658 1436 1644 1355 1655 1266 1431 1434 1666 1492 1542 1803 1643 1365 1692 1623 1655 1499 1439 1590 1238 1534 1345 1454 1546 1631 1793 1572 1686 1415 1625 1579 1526 1516 1346 1408 1475 1454 1443 1504 1685 1320 1557 1819 1282 1680 1553 1664 1579 1636 1334 1344 1508 1106 1655 1630 1320 1617 1293 1452
1262 1239 1478 1284 1171 1202 1325 1163 1339 1027 1322 1257 1390 1221 1377 1564 1299 1289 1428 1470 1311 1365 1318 1204 1075 1187 1179 1229 1309 1276 1287 1288 1279 1001 1345 1388 1289 1332 1160 1139 1175 1218 1101 1251 1374 1069 1366 1528 1244 1451 1229 1323 1347 1217 1116 1129 1399 1046 1405 1423 1112 1281 1109 1199
1307 1342 1478 1208 1140 1262 1276 1085 1283 1197 1307 1166 1474 1288 1421 1447 1398 1209 1489 1471 1404 1325 1331 1428 986 1380 1349 1174 1300 1289 1336 1434 1265 1271 1369 1414 1347 1286 1084 1177 1358 1212 1243 1371 1302 1113 1486 1557 1203 1419 1343 1269 1253 1352 1155 1024 1237 1190 1438 1429 1265 1331 1121 1328
1195 1266 1360 1154 1325 1256 1263 1199 1281 1116 1192 1181 1370 1224 1325 1438 1307 1174 1352 1317 1347 1261 1242 1324 1056 1319 1197 1018 1339 1206 1451 1297 1322 1173 1251 1310 1332 1298 1052 1234 1315 1146 1171 1353 1390 1062 1229 1426 1213 1263 1288 1282 1208 1215 1124 1121 1285 1137 1383 1297 1084 1436 1103 1299
1224 1419 1462 1145 1295 1207 1375 1089 1299 1004 1124 1205 1292 1273 1206 1566 1365 1178 1277 1275 1445 1266 1110 1207 1032 1209 1194 1090 1212 1359 1381 1293 1367 1164 1261 1392 1309 1209 1069 1114 1151 1203 1241 1177 1433 1039 1315 1428 1206 1367 1164 1452 1256 1286 1012 1037 1309 1061 1372 1467 1101 1377 1157 1139
1298 1475 1479 1246 1275 1242 1461 1080 1484 1116 1363 1271 1398 1322 1449 1525 1480 1180 1451 1514 1350 1444 1397 1302 989 1302 1407 1210 1528 1305 1426 1394 1410 1269 1333 1363 1441 1344 1126 1238 1212 1181 1332 1363 1445 1140 1324 1573 1244 1497 1305 1373 1278 1260 1156 1209 1290 1114 1508 1405 1215 1460 1199 1452
1218 1247 1355 1067 1149 1087 1264 1238 1111 1026 1244 1082 1171 1025 1158 1390 1308 1063 1160 1341 1349 1159 1144 1244 947 1098 1158 1080 1179 1131 1237 1207 1228 1008 1099 1284 1076 1205 952 1161 1124 1052 1338 1126 1319 1072 1271 1266 1146 1285 1109 1351 1147 1154 1159 835 983 864 1380 1236 1002 1132 899 1253
1353 1360 1439 1248 1248 1282 1388 1253 1379 1189 1326 1241 1311 1218 1288 1541 1452 1278 1387 1557 1428 1391 1471 1219 1036 1216 1257 1149 1313 1189 1354 1313 1287 1069 1275 1447 1239 1415 1028 1233 1281 1326 1218 1397 1464 1130 1380 1401 1288 1506 1203 1430 1195 1202 1187 1101 1293 1117 1449 1352 1097 1341 1036 1212
1355 1439 1568 1347 1396 1348 1443 1259 1372 1299 1363 1211 1465 1383 1433 1602 1413 1212 1562 1462 1570 1416 1351 1409 1285 1324 1403 1209 1470 1450 1586 1422 1560 1264 1191 1572 1437 1480 1172 1298 1344 1294 1199 1341 1434 1216 1449 1633 1238 1552 1370 1451 1470 1309 1280 1257 1523 1148 1543 1403 1241 1429 1247 1311
1036 1255 1316 1140 1141 1228 1355 1106 1324 1088 1303 1121 1234 1190 1164 1457 1306 1155 1377 1161 1141 1227 1088 1213 1044 1219 1201 1110 1226 1223 1310 1226 1389 1077 1184 1199 1268 1233 1048 1108 1138 1302 1111 1227 1215 1072 1234 1340 1123 1269 1352 1304 1184 1151 1046 1127 1325 1086 1415 1334 1031 1478 1028 1115
1284 1267 1394 1235 1283 1250 1349 1261 1344 1151 1314 1182 1371 1209 1229 1490 1372 1255 1269 1338 1255 1325 1232 1353 1059 1158 1159 1195 1308 1204 1414 1309 1436 1110 1230 1297 1190 1302 1092 1234 1270 1225 1348 1339 1465 1111 1306 1383 1106 1269 1249 1342 1297 1347 1185 1023 1187 1079 1328 1313 1121 1267 1126 1361
1474 1632 1704 1549 1532 1495 1768 1328 1655 1289 1426 1479 1571 1453 1604 1922 1635 1321 1593 1686 1600 1587 1524 1525 1219 1570 1593 1304 1702 1493 1632 1609 1725 1404 1472 1511 1566 1573 1288 1414 1594 1452 1484 1578 1711 1400 1612 1732 1454 1687 1657 1620 1397 1705 1390 1350 1568 1421 1757 1609 1340 1691 1352 1574
1467 1547 1646 1326 1509 1496 1598 1354 1581 1358 1489 1453 1591 1408 1583 1670 1662 1455 1590 1611 1513 1643 1525 1612 1093 1430 1517 1397 1544 1599 1745 1613 1572 1302 1496 1525 1579 1530 1389 1320 1404 1374 1474 1563 1597 1313 1548 1759 1382 1604 1581 1562 1536 1395 1381 1332 1560 1299 1619 1637 1361 1547 1270 1435
1205 1274 1442 1215 1215 1187 1308 1014 1431 1066 1214 1072 1280 1347 1341 1386 1366 1083 1314 1371 1317 1206 1139 1168 905 1314 1183 1121 1264 1237 1256 1107 1334 1261 1221 1238 1300 1186 1076 1166 1220 1234 1070 1262 1313 1130 1299 1393 1178 1359 1273 1302 1102 1225 1109 1140 1406 1077 1259 1323 1192 1339 1125 1246
1067 1029 1221 1086 1044 1125 1215 965 1204 875 1020 1083 1254 1144 1278 1339 1206 1170 1304 1224 1046 1235 1165 1033 699 1033 1014 938 1066 1186 1188 1132 1229 1016 1183 1065 1057 1202 1053 1063 1096 1032 1020 1223 1221 988 1186 1470 955 1333 1160 1091 1170 1121 946 1013 1278 1086 1126 1246 1042 1210 1036 1150
1380 1514 1482 1343 1359 1356 1367 1264 1438 1265 1359 1314 1481 1326 1494 1632 1520 1270 1630 1461 1457 1461 1440 1541 1137 1302 1336 1318 1538 1389 1550 1463 1547 1322 1551 1555 1501 1462 1241 1342 1453 1310 1443 1475 1471 1204 1438 1577 1347 1510 1423 1438 1328 1462 1279 1157 1369 1229 1646 1444 1214 1552 1134 1506
1363 1407 1566 1207 1358 1230 1427 1322 1495 1208 1414 1248 1496 1260 1423 1566 1422 1211 1456 1566 1478 1412 1403 1460 1057 1362 1306 1274 1451 1305 1442 1375 1409 1147 1425 1444 1332 1406 1214 1220 1319 1283 1251 1483 1445 1212 1414 1449 1233 1524 1356 1409 1310 1364 1189 1218 1348 1116 1490 1382 1194 1416 1118 1384
1119 1218 1198 1039 1096 1105 1185 1040 1264 1091 1236 1044 1194 1058 1260 1216 1173 939 1371 1168 1306 1182 1217 1219 1005 1114 1091 1067 1186 1233 1330 1227 1199 975 1130 1268 1171 1289 1022 1144 1150 1147 1029 1121 1152 995 1175 1277 1138 1248 1152 1254 1066 1062 1005 1108 1161 954 1305 1088 955 1285 882 1178
1354 1554 1510 1361 1367 1286 1457 1265 1434 1259 1384 1231 1467 1293 1468 1569 1514 1313 1502 1578 1521 1391 1442 1397 1185 1256 1332 1262 1461 1344 1531 1378 1339 1293 1370 1482 1411 1447 1063 1229 1388 1344 1245 1432 1326 1227 1435 1472 1324 1617 1297 1419 1394 1275 1327 1132 1417 1106 1726 1458 1234 1378 1149 1319
1369 1371 1499 1200 1271 1275 1390 1196 1363 1144 1264 1287 1522 1298 1377 1636 1455 1271 1474 1555 1415 1316 1414 1393 1070 1233 1224 1271 1463 1293 1462 1489 1327 1199 1450 1511 1279 1333 1217 1197 1331 1177 1342 1298 1478 1019 1401 1589 1262 1500 1250 1326 1439 1293 1153 1169 1251 1096 1435 1497 1162 1308 1085 1397
945 1283 1277 1117 1195 983 1101 1021 1252 1025 1025 1113 1389 1204 1164 1341 1258 1053 1340 1222 1219 1172 1282 1264 983 1217 997 1035 1164 1188 1245 1220 1209 1129 1119 1157 1118 1155 960 1023 1189 980 1038 1182 1222 1057 1109 1434 1118 1295 1192 1272 1083 1218 992 919 1138 955 1363 1171 924 1230 1007 1170
1547 1463 1714 1433 1391 1452 1504 1260 1499 1292 1368 1380 1631 1488 1475 1637 1565 1259 1484 1569 1659 1525 1414 1531 1131 1532 1438 1191 1634 1309 1455 1447 1381 1439 1444 1479 1398 1456 1372 1380 1568 1295 1370 1467 1430 1317 1405 1701 1406 1360 1467 1466 1327 1451 1315 1253 1343 1295 1590 1505 1437 1454 1286 1453
1248 1318 1430 1286 1321 1328 1460 1300 1533 1232 1388 1257 1448 1262 1419 1536 1459 1216 1462 1465 1326 1309 1321 1443 961 1399 1360 1127 1346 1320 1445 1369 1509 1311 1330 1428 1309 1437 1142 1417 1339 1134 1368 1488 1429 1249 1251 1629 1236 1403 1472 1365 1279 1410 1162 1161 1353 1234 1501 1526 1189 1521 1190 1506
1065 1300 1335 1150 1335 1156 1294 1192 1299 1054 1182 1095 1293 1310 1085 1487 1322 1099 1227 1300 1272 1312 1213 1135 1020 1220 1211 1003 1250 1163 1390 1179 1282 1099 1138 1176 1265 1233 954 1128 1222 1301 1123 1270 1440 1128 1275 1297 1063 1354 1215 1324 1084 1178 1091 1044 1200 1088 1328 1262 1004 1371 1046 1189
1194 1407 1484 1260 1256 1222 1445 1158 1378 1189 1253 1351 1401 1294 1352 1525 1371 1253 1491 1467 1476 1294 1269 1283 1061 1331 1312 1157 1293 1374 1455 1317 1381 1261 1302 1295 1332 1368 1010 1309 1409 1299 1270 1265 1379 1161 1382 1561 1314 1557 1426 1441 1295 1313 1170 1110 1462 1134 1561 1516 1139 1459 1152 1295
1118 1180 1351 1128 1083 1033 1270 1127 1195 1067 1070 1196 1278 1159 1293 1379 1209 1068 1268 1258 1134 1224 1349 1404 886 1079 1171 1065 1305 1198 1310 1181 1208 1184 1242 1072 1135 1316 1097 1068 1180 937 1136 1228 1106 1078 1098 1332 1129 1309 1237 1115 1164 1229 1198 953 1151 1058 1280 1194 903 1275 1016 1223
1365 1279 1437 1310 1177 1319 1421 1205 1302 1194 1302 1237 1377 1179 1424 1565 1413 1143 1321 1420 1405 1440 1315 1369 1002 1237 1259 1053 1415 1379 1470 1368 1424 1133 1168 1353 1298 1394 1146 1202 1255 1099 1241 1371 1332 1136 1268 1597 1127 1312 1314 1300 1289 1186 1171 1098 1280 981 1433 1354 1214 1396 1127 1282
1266 1351 1612 1326 1325 1308 1424 1199 1529 1116 1224 1214 1481 1469 1400 1543 1546 1391 1410 1447 1465 1298 1308 1272 996 1414 1166 1262 1366 1363 1459 1312 1346 1294 1393 1259 1263 1355 1189 1198 1405 1218 1319 1432 1395 1179 1395 1534 1231 1522 1426 1312 1370 1252 1258 1177 1383 1201 1586 1463 1389 1368 1208 1394
1162 1247 1327 1145 1131 1249 1233 1087 1275 1141 1144 1143 1214 1183 1235 1353 1322 1190 1325 1216 1248 1326 1170 1125 910 1185 1162 1062 1149 1162 1385 1149 1398 1081 1165 1189 1132 1235 1005 1073 1175 1111 1067 1189 1305 1147 1213 1386 1212 1283 1268 1286 1287 1196 1136 1081 1375 1091 1358 1285 1124 1143 1073 1160
1301 1296 1468 1312 1220 1272 1293 1260 1339 1255 1303 1228 1421 1382 1451 1508 1370 1330 1481 1427 1446 1496 1269 1416 1136 1296 1360 1160 1467 1336 1485 1335 1420 1164 1210 1365 1426 1374 1087 1178 1295 1236 1212 1358 1240 1152 1461 1490 1178 1525 1375 1341 1463 1169 1168 1130 1422 1110 1591 1422 1352 1340 1189 1309
1500 1404 1669 1313 1430 1379 1489 1354 1553 1164 1435 1216 1401 1424 1478 1688 1592 1353 1402 1560 1487 1365 1325 1373 1076 1350 1307 1270 1412 1397 1500 1419 1410 1361 1516 1379 1366 1431 1171 1362 1452 1376 1425 1390 1675 1269 1555 1656 1206 1543 1374 1471 1421 1404 1307 1133 1330 1133 1584 1521 1396 1409 1165 1466
1331 1370 1457 1206 1370 1228 1420 1104 1347 1117 1246 1216 1506 1420 1409 1704 1518 1280 1451 1471 1408 1450 1408 1375 1114 1318 1253 1221 1386 1351 1556 1444 1558 1279 1258 1358 1266 1310 1200 1171 1217 1259 1293 1397 1459 1185 1319 1733 1276 1475 1310 1398 1339 1287 1273 1163 1271 1142 1525 1447 1194 1468 1181 1338
1359 1448 1678 1376 1399 1325 1520 1288 1565 1236 1468 1320 1538 1309 1505 1640 1416 1407 1456 1531 1445 1535 1438 1343 1073 1365 1341 1310 1476 1436 1487 1345 1523 1173 1314 1326 1317 1450 1149 1305 1379 1164 1323 1402 1585 1274 1416 1618 1380 1576 1489 1455 1530 1340 1364 1260 1511 1175 1632 1389 1289 1412 1293 1439
1174 1157 1291 1054 1142 1196 1229 968 1202 1101 1203 1052 1152 1108 1255 1255 1208 1135 1242 1269 1228 1272 1235 1116 872 954 1229 1153 1210 1273 1183 1242 1396 1078 1184 1214 1102 1191 1027 1172 1081 1038 1082 1264 1330 1056 1180 1358 1056 1384 1220 1190 1210 1190 1046 983 1221 963 1197 1077 947 1196 957 1197
1237 1445 1477 1396 1319 1457 1532 1226 1559 1253 1300 1266 1508 1375 1401 1567 1507 1396 1492 1410 1481 1539 1429 1364 1095 1461 1370 1210 1435 1403 1516 1428 1530 1264 1277 1482 1305 1311 1313 1215 1344 1276 1193 1457 1556 1292 1318 1656 1278 1458 1535 1406 1385 1411 1265 1247 1431 1247 1527 1330 1287 1491 1186 1264
1009 1211 1171 1153 1064 1075 1146 1012 1071 963 1086 1131 1167 1087 1148 1253 1153 973 1300 1147 1219 1224 1125 1168 939 1069 1174 932 1216 1064 1175 1224 1175 951 1089 1349 1244 1090 973 1077 1067 931 1023 1102 1155 898 1181 1383 1077 1238 1278 1165 1071 1051 960 968 1150 964 1294 1180 995 1330 865 1038
