63 0 0 53 0 0 0 15 0 0 0 0 0 0 0 8 0 12 90 6 56 0 0 0 0 0 49 0 14 0 0 0 7 0 7 0 0 0 0 0 0 0 0 35 0 0 0 72 155 0 0 15 0 30 4 0 114 0 0 0 14 45 7 18
28 0 6 0 0 0 56 0 22 0 0 0 31 0 0 0 0 4 25 0 40 18 0 0 64 0 6 0 0 6 48 0 5 8 5 14 0 0 0 0 0 0 24 6 0 0 24 39 0 15 0 0 22 0 0 4 38 3 0 0 40 0 12 0
20 0 0 15 10 35 0 2 18 0 0 0 0 0 0 5 35 0 84 0 0 54 24 0 0 0 4 0 0 48 0 0 9 0 49 0 0 34 16 18 0 44 3 64 47 0 28 0 24 32 0 0 0 0 16 0 0 56 3 1 29 28 0 32
12 6 0 0 0 24 0 56 0 0 0 25 7 0 12 72 53 0 68 2 56 74 0 8 0 0 0 0 17 67 0 44 7 0 0 0 15 13 101 0 10 32 63 0 6 0 3 8 82 6 0 0 0 0 0 21 0 0 0 0 0 24 16 10
42 0 0 0 0 0 0 12 0 0 0 54 10 0 72 65 0 14 0 0 0 108 50 48 0 0 21 0 0 158 0 45 30 0 28 48 69 0 0 7 6 28 34 0 51 24 0 63 0 0 0 14 73 0 0 79 28 0 18 6 48 72 62 56
0 21 7 0 0 96 48 0 2 0 21 0 77 0 0 16 0 0 0 0 27 69 0 72 72 0 56 0 0 2 0 0 24 97 0 24 0 0 0 18 0 0 0 24 0 59 8 46 0 69 0 0 0 0 0 0 48 1 0 56 40 72 0 64
24 0 9 0 0 0 36 0 29 0 49 0 2 0 0 0 0 8 0 36 63 9 18 0 8 0 12 0 27 0 6 73 0 1 34 32 0 27 38 50 5 0 48 136 45 7 0 84 30 36 10 0 40 0 18 23 16 0 5 0 35 85 24 102
97 0 21 66 0 59 83 55 18 0 0 0 47 0 6 0 6 0 72 112 0 0 49 40 72 0 63 12 18 0 54 21 9 9 50 2 0 0 0 5 11 0 35 45 20 21 12 0 129 24 22 8 0 48 27 1 86 32 48 18 120 34 9 96
0 0 32 0 0 75 54 0 6 0 119 0 15 16 0 0 0 0 92 0 87 18 7 0 0 0 0 0 0 6 0 8 27 72 42 32 0 0 6 63 8 0 0 0 18 72 60 21 0 87 0 0 0 0 0 0 77 58 64 0 63 78 0 72
21 0 49 0 7 98 0 35 0 0 0 0 84 0 0 68 35 0 35 28 4 0 6 61 54 0 44 0 0 0 0 54 0 36 0 18 0 0 42 7 18 12 48 0 48 2 42 7 35 18 0 0 0 0 63 6 28 0 0 42 0 0 14 0
20 0 0 0 0 0 0 15 0 0 9 0 9 0 0 0 35 0 0 24 0 0 18 15 0 0 63 0 0 0 0 27 0 0 0 0 0 10 0 0 0 20 0 0 10 0 5 0 0 0 0 72 0 12 0 0 21 0 15 0 0 0 0 0
0 0 66 35 0 0 42 0 29 42 77 30 5 12 0 0 56 7 50 12 45 43 3 0 36 0 0 0 0 45 0 48 0 54 0 24 25 0 12 30 3 72 10 32 68 5 1 18 88 0 0 0 66 0 36 90 5 0 48 40 0 40 0 24
42 12 44 35 0 93 103 61 20 16 0 0 14 16 0 0 42 14 0 0 36 81 82 0 101 0 39 0 0 72 42 0 27 10 0 0 0 64 36 55 0 44 21 0 23 63 0 63 0 72 0 0 98 0 75 14 140 90 0 0 80 54 45 100
0 0 2 6 0 49 0 63 0 42 0 0 0 0 0 0 0 72 0 27 0 0 0 0 0 0 0 0 0 0 0 0 0 0 0 0 0 0 0 0 0 0 0 64 7 0 0 48 63 0 0 0 0 0 18 0 0 0 7 0 45 64 28 81
0 0 0 0 0 0 0 0 0 0 0 0 0 0 45 0 36 0 0 0 6 0 0 30 0 0 0 0 0 48 0 0 0 0 0 30 15 0 0 0 0 0 0 0 0 15 0 0 0 0 0 0 15 54 0 36 0 0 0 0 0 0 0 0
64 0 9 0 0 0 0 5 0 0 0 36 3 0 15 0 0 0 0 8 0 30 6 5 0 0 0 30 0 54 0 18 0 0 0 21 30 0 0 0 0 0 0 9 0 0 0 0 0 0 15 20 12 44 0 42 7 0 5 45 0 48 0 0
48 0 0 0 0 28 0 0 0 0 0 18 36 0 18 16 0 0 0 0 0 15 0 36 36 0 28 36 0 27 0 9 0 24 0 12 15 0 0 0 0 0 0 0 0 0 0 64 47 0 18 24 0 48 0 21 64 0 0 82 4 24 0 0
24 42 2 0 0 99 48 49 0 14 0 42 0 14 9 0 83 0 0 12 0 18 0 0 0 0 0 18 18 0 0 0 66 14 0 0 0 42 0 0 0 0 0 64 14 56 0 54 0 64 9 12 0 24 21 0 80 0 0 27 40 112 0 64
21 0 0 0 7 0 0 0 0 0 0 1 0 0 0 0 0 0 0 28 9 0 5 0 0 0 0 0 0 0 9 0 0 0 0 0 9 0 42 0 0 0 0 0 6 0 42 0 0 0 0 0 0 0 0 0 72 0 0 0 3 0 0 2
72 0 55 0 0 0 0 0 0 0 49 1 0 14 0 0 0 0 49 0 9 0 17 0 0 0 0 0 0 0 9 20 0 63 0 91 9 18 28 0 0 0 36 75 18 0 0 0 24 24 0 0 36 0 12 0 0 0 56 0 3 0 0 26
16 0 42 0 45 56 0 62 81 21 0 0 4 0 0 0 89 54 97 27 32 0 0 0 0 0 18 0 8 0 0 21 18 0 0 0 0 8 36 87 0 79 0 28 8 0 13 0 49 0 0 0 0 0 72 0 24 0 0 35 45 0 0 81
40 27 90 0 0 72 47 52 2 0 0 11 67 0 15 48 36 0 0 66 112 105 64 0 0 0 0 86 0 34 27 0 0 63 18 0 51 0 42 72 9 0 64 8 72 0 14 34 0 5 33 27 64 67 83 22 104 50 9 45 63 0 0 87
0 0 13 32 0 18 0 0 12 9 0 8 35 0 36 24 0 81 0 0 72 42 52 0 6 0 0 0 0 0 72 98 0 0 0 0 72 8 64 0 51 1 119 0 105 0 0 9 54 18 0 0 7 0 6 34 0 6 0 0 24 0 0 50
0 0 0 0 0 40 0 0 0 0 0 0 20 0 0 56 54 0 73 0 57 0 4 0 0 0 4 0 0 72 0 36 5 0 61 0 0 0 0 0 12 24 32 0 56 4 24 0 0 36 0 0 0 81 0 58 30 64 0 0 24 32 32 0
0 0 0 0 0 49 0 63 30 42 0 0 0 0 0 0 0 42 0 0 0 0 12 0 0 0 0 0 0 0 0 0 0 0 0 0 0 0 0 0 0 0 12 0 7 0 6 0 63 0 0 0 0 0 0 0 30 0 7 0 0 0 28 0
54 0 0 0 0 23 6 0 68 0 81 12 0 81 0 0 0 0 0 0 0 10 10 0 0 0 0 0 135 18 0 6 3 0 0 56 10 0 0 63 0 0 0 10 81 7 0 0 5 8 0 0 0 0 0 49 6 0 0 0 5 71 0 57
50 0 49 0 0 76 0 75 35 0 45 0 5 45 0 0 103 49 55 0 121 0 14 0 0 0 8 0 50 72 0 0 7 0 7 0 0 10 45 42 0 68 14 0 55 8 12 0 0 72 0 0 0 81 63 54 105 0 0 0 0 0 0 0
0 0 20 0 0 0 21 0 6 15 35 4 69 10 81 68 89 0 35 0 90 63 20 54 24 0 0 63 0 137 54 15 0 48 0 74 90 0 0 0 0 73 81 29 24 27 0 0 35 0 0 0 72 81 0 54 0 0 40 25 27 0 8 8
0 20 15 0 0 0 53 63 10 0 0 81 54 0 0 0 0 0 0 0 133 0 87 0 5 0 38 0 0 0 81 48 56 5 24 8 81 0 36 62 0 48 72 0 54 8 118 0 0 112 32 63 0 0 18 36 99 42 0 0 27 0 5 18
0 0 9 0 0 15 21 24 0 0 0 0 0 0 30 20 0 0 24 6 0 44 0 0 0 0 0 0 0 0 0 0 0 0 0 0 0 0 25 0 25 0 0 0 27 0 0 0 0 15 0 24 12 48 0 0 0 0 0 0 0 72 0 25
0 57 9 0 45 20 0 0 81 0 0 35 0 0 0 0 40 36 81 28 0 81 0 0 0 0 18 0 15 0 0 0 53 63 0 0 0 35 0 81 0 0 0 0 0 0 9 27 0 0 0 0 0 0 12 0 0 0 0 0 30 0 0 54
0 18 18 15 0 60 0 45 0 30 0 0 0 0 0 0 0 0 30 0 0 54 0 0 18 0 0 0 0 0 0 0 0 42 35 0 0 0 0 0 0 0 0 0 23 0 15 18 45 0 0 0 21 0 18 0 0 40 5 0 15 20 20 12
0 0 28 0 0 10 42 40 12 0 49 0 17 14 0 35 42 0 69 0 47 0 0 0 48 0 0 0 10 56 36 20 0 69 0 28 0 0 61 0 0 0 54 16 0 0 0 12 24 0 0 0 0 63 0 42 0 0 56 0 30 16 20 0
0 0 15 0 0 0 35 0 8 6 0 0 0 0 0 0 0 18 0 19 0 15 0 0 0 0 0 0 0 0 0 0 0 0 0 0 0 0 4 0 0 0 0 0 45 0 0 6 8 0 0 0 20 0 6 18 0 0 0 0 15 0 0 27
0 0 0 0 0 45 0 0 0 0 0 0 0 0 0 0 0 0 54 54 0 0 35 0 0 0 0 0 0 0 0 8 0 0 81 0 0 56 0 0 17 7 0 0 27 0 45 0 0 0 18 0 0 0 0 0 14 114 9 0 81 36 0 81
48 0 18 0 0 25 0 35 9 10 1 0 0 10 0 0 25 0 40 0 64 0 18 0 0 0 7 0 0 0 0 3 8 0 8 42 0 0 0 0 0 0 0 36 10 0 0 0 9 0 0 8 24 0 15 0 48 0 0 0 0 0 0 0
0 0 12 0 0 0 0 0 4 0 21 0 0 6 0 64 24 0 61 0 0 0 8 8 0 0 0 0 0 0 0 0 0 27 0 12 0 0 0 0 0 0 0 8 0 0 0 8 44 0 0 0 0 0 0 0 48 0 24 0 0 0 16 0
8 0 19 0 16 15 25 35 0 0 28 70 30 8 0 0 0 0 46 0 0 25 0 0 0 0 0 0 16 45 0 47 0 36 21 23 41 0 0 0 0 0 0 3 9 32 39 0 0 0 0 35 4 0 10 63 25 24 32 0 9 52 0 0
27 24 74 0 9 56 0 62 0 0 57 8 4 16 18 24 12 24 92 48 64 40 8 12 72 24 7 0 8 0 0 3 4 144 4 44 6 12 98 54 0 0 0 32 8 6 54 16 21 16 0 24 6 0 70 0 48 0 64 0 32 0 0 52
0 36 27 0 0 15 35 49 26 0 0 56 83 0 30 38 0 0 0 0 15 59 0 0 9 0 54 21 0 11 0 5 0 9 0 0 9 0 29 0 25 0 33 3 0 0 74 28 6 35 0 49 15 0 14 28 107 4 0 0 0 0 9 25
0 15 26 0 0 24 35 15 10 0 0 0 10 0 0 0 6 0 0 0 0 45 0 0 40 0 0 0 0 0 30 0 0 40 0 0 0 0 0 3 0 0 15 40 0 0 0 45 0 0 0 0 0 0 27 0 12 0 0 0 25 40 0 0
0 60 34 35 0 28 0 35 0 3 0 49 21 0 0 0 63 0 0 70 0 54 56 35 42 0 0 0 21 0 0 28 49 42 0 0 0 70 34 0 0 9 45 60 21 0 0 18 37 28 0 0 49 28 56 0 49 0 35 5 0 0 0 56
0 0 24 0 0 10 0 0 0 0 42 0 0 12 0 24 9 0 69 0 0 0 0 3 0 0 0 0 0 0 0 0 0 54 14 24 0 0 0 0 0 0 0 0 6 0 6 3 15 0 0 0 0 0 0 0 0 16 48 0 6 8 6 0
50 0 12 8 0 40 0 0 9 0 0 0 0 0 0 0 0 0 48 0 8 0 0 0 0 0 18 0 13 0 0 0 49 0 56 36 0 0 0 0 0 24 63 22 24 4 80 0 18 71 28 0 16 0 0 5 0 64 0 0 24 39 2 7
9 0 0 4 0 10 0 14 0 4 0 6 14 4 0 12 10 0 0 0 10 5 18 0 0 0 7 14 2 11 0 3 0 0 0 0 11 28 8 0 0 2 16 39 12 0 0 0 9 16 0 0 10 0 14 7 24 12 0 0 0 8 1 16
0 0 0 0 0 0 0 6 0 0 0 0 0 0 0 15 6 0 0 0 1 0 24 0 0 0 0 0 0 8 0 0 15 0 0 0 0 0 0 0 0 0 9 0 0 0 0 0 0 0 0 0 0 9 0 6 0 0 9 3 24 0 0 0
32 0 18 0 15 0 19 7 27 6 0 8 13 0 0 96 32 0 57 4 5 6 15 6 0 0 6 7 0 1 0 6 62 0 0 28 3 24 0 27 0 21 80 21 18 0 73 6 44 40 32 7 29 0 2 4 69 18 0 10 0 0 36 0
0 0 0 0 0 62 10 84 66 23 0 46 12 14 54 36 35 0 21 0 0 88 0 0 0 0 0 0 54 45 0 25 0 0 0 48 25 0 59 0 45 0 18 0 14 0 12 9 24 27 0 35 0 42 25 100 10 0 0 0 0 145 0 87
0 0 0 0 0 0 0 0 0 0 1 0 0 0 0 0 0 0 0 0 0 0 0 0 0 0 7 0 0 0 0 3 0 0 0 0 0 0 0 0 0 0 0 0 0 0 0 0 0 0 0 8 0 0 0 0 0 0 0 0 0 0 0 0
0 12 9 0 0 7 0 0 6 0 0 0 44 0 0 32 30 6 0 3 30 0 8 9 12 0 25 35 0 45 0 10 0 9 0 3 15 12 16 0 0 0 58 77 8 0 0 30 12 16 0 0 25 45 10 30 0 0 0 7 5 40 3 25
0 27 0 0 0 45 54 0 0 0 0 9 0 0 0 56 21 0 35 0 48 45 56 7 81 27 0 0 0 0 0 0 27 81 0 0 0 0 48 126 0 0 0 0 0 63 0 25 35 72 0 18 0 0 0 0 150 56 0 0 45 54 14 72
0 0 0 0 0 0 0 0 10 0 0 0 14 0 9 12 0 32 0 9 10 0 4 6 0 0 0 14 0 2 0 0 0 0 0 6 9 0 0 0 0 0 20 2 0 3 2 0 0 0 0 0 13 0 6 0 10 0 0 0 15 0 0 27
0 27 9 0 0 47 67 83 10 15 0 46 61 0 0 0 41 0 44 0 135 111 30 0 0 0 0 0 12 18 54 15 25 63 4 0 54 0 54 0 0 45 0 20 36 49 70 62 35 81 0 35 0 9 10 26 91 5 0 25 53 42 0 68
48 4 3 0 0 8 0 32 20 0 56 5 4 0 18 0 0 0 16 0 149 0 55 0 1 0 6 36 26 0 45 0 0 1 0 16 45 48 36 48 0 6 0 0 30 8 0 0 0 0 18 24 0 48 0 10 0 36 0 54 15 14 1 24
48 0 20 25 16 53 7 36 0 24 0 0 14 0 0 61 0 16 35 0 36 0 21 0 30 0 24 14 16 2 0 74 1 0 57 7 22 0 18 34 0 0 16 2 24 32 15 72 36 0 0 0 101 0 30 24 65 61 4 0 15 20 92 20
0 0 27 0 2 40 63 0 0 0 3 0 5 0 0 0 0 0 48 42 0 27 1 0 0 0 21 0 2 0 0 22 0 0 64 0 2 0 0 0 7 0 8 0 113 4 24 0 0 0 8 24 36 0 0 2 0 64 4 0 48 32 0 36
32 0 44 40 0 5 0 7 0 2 0 0 21 2 54 82 5 54 0 27 15 0 0 36 48 0 0 21 0 3 0 0 0 0 0 64 27 0 0 0 0 0 24 31 10 18 0 12 56 0 0 0 105 0 69 0 56 0 0 0 77 16 0 113
24 0 57 11 0 48 0 48 0 0 0 0 0 0 0 45 12 54 0 18 0 0 86 0 6 0 0 0 0 0 0 0 45 0 0 21 0 21 14 6 0 0 27 65 15 0 0 40 25 28 0 0 19 0 86 0 64 0 27 9 102 0 0 86
0 0 0 0 0 25 18 0 0 24 0 0 0 0 0 56 77 0 47 0 0 0 0 7 0 0 0 0 0 0 0 24 9 0 14 0 0 0 0 0 0 72 0 32 6 21 6 7 91 24 0 0 0 0 0 0 18 16 0 40 21 26 14 24
18 0 0 0 0 6 0 0 0 0 27 0 0 27 45 42 0 0 0 0 0 0 0 30 0 0 0 0 24 0 0 32 0 0 0 30 15 0 0 21 32 0 0 72 27 15 72 54 0 0 0 0 15 0 0 0 56 0 0 0 0 72 24 0
0 0 49 0 0 56 5 35 8 0 0 0 20 0 0 0 14 18 0 9 0 24 0 0 0 0 0 0 0 26 0 30 0 0 39 5 0 0 0 18 0 0 0 0 30 0 32 28 0 20 0 12 0 0 69 0 28 4 0 0 15 0 0 75
64 0 24 45 0 0 0 14 60 18 0 0 0 0 0 35 0 0 72 0 0 0 56 0 0 0 0 0 36 0 0 0 35 0 0 88 0 0 12 0 0 0 21 24 0 0 0 90 141 0 0 0 32 0 0 74 72 0 21 7 56 28 0 28
16 0 72 40 20 155 0 103 36 42 7 0 54 0 0 12 44 0 68 0 0 0 0 54 78 0 99 0 0 0 0 21 8 36 0 18 0 8 0 44 0 16 0 0 19 0 8 0 95 0 0 56 28 0 96 0 32 0 7 42 0 0 28 16
0 28 45 20 0 45 4 0 14 0 14 0 0 4 0 72 0 48 68 24 0 0 0 0 31 0 42 0 0 0 0 24 0 25 75 12 0 0 0 4 0 0 0 0 31 0 27 0 63 0 0 0 28 0 40 0 0 72 16 0 103 36 7 88
