56 0 51 14 14 85 63 49 54 0 0 0 104 0 0 2 84 0 0 0 65 14 54 23 0 0 40 24 0 24 56 1 60 0 0 0 49 25 14 83 68 0 49 16 0 49 0 0 0 21 0 56 49 14 12 6 77 18 0 0 13 0 45 0
0 77 0 0 186 53 0 28 51 36 0 32 4 22 81 11 20 32 0 52 127 0 20 48 42 0 24 24 54 54 14 16 42 8 85 9 28 48 0 43 76 60 0 48 24 0 0 0 36 0 39 0 24 56 0 30 106 0 64 0 0 0 0 48
0 56 0 0 0 0 0 0 0 0 18 63 18 0 0 6 0 0 12 0 0 0 0 0 0 27 0 16 0 0 0 6 0 0 24 0 0 0 0 0 0 12 0 0 64 0 0 0 0 0 0 0 0 0 0 32 0 0 18 12 0 14 0 0
0 0 0 0 0 0 3 16 24 0 0 16 24 12 0 0 0 0 28 0 0 0 0 0 0 60 0 4 0 12 0 0 8 0 0 0 8 12 3 16 12 0 0 0 20 0 0 24 0 0 0 0 0 0 0 0 6 0 28 20 0 21 0 0
8 0 5 0 0 20 0 26 36 76 0 5 129 46 0 12 0 0 69 0 10 4 30 0 0 30 1 40 60 72 0 0 10 9 27 72 63 14 0 0 40 0 0 6 30 0 0 51 0 0 0 2 0 0 63 0 35 54 0 24 0 109 26 0
0 0 0 8 81 0 10 0 36 0 31 12 0 33 0 54 0 20 0 0 4 0 0 0 0 0 0 0 54 54 0 0 0 8 30 0 2 81 4 0 0 63 8 25 24 24 0 0 24 0 33 34 0 98 0 18 72 0 114 5 5 0 0 54
54 18 0 0 0 0 0 0 93 0 1 0 0 0 0 4 0 0 0 0 1 0 0 0 0 5 45 3 0 0 8 0 0 0 0 0 0 4 54 6 0 0 54 0 6 0 27 0 0 0 0 0 0 18 0 0 45 0 9 0 0 0 0 0
40 135 0 0 18 63 0 5 35 38 56 0 0 0 0 0 0 6 15 0 32 20 0 0 54 0 5 10 0 0 0 0 64 64 99 0 16 20 32 9 0 0 0 0 72 0 0 0 0 0 17 42 0 0 0 36 0 0 0 0 52 0 5 0
0 30 35 0 63 0 81 0 9 0 25 56 16 20 0 0 45 20 18 20 0 0 28 0 0 105 16 0 0 9 32 0 20 114 25 0 0 21 0 35 0 59 0 0 0 0 0 0 25 20 0 0 35 69 8 34 111 0 72 0 0 27 10 48
48 0 30 50 0 28 45 89 0 0 7 1 54 0 30 0 42 36 0 32 74 26 0 0 7 35 30 39 0 0 0 18 37 0 0 20 35 42 8 66 85 0 35 40 42 17 0 0 0 0 54 0 55 5 0 36 0 50 63 0 0 0 35 0
0 0 49 0 21 1 0 97 54 9 35 0 0 18 81 39 5 0 0 0 24 0 0 24 0 0 12 2 0 0 1 36 0 16 35 0 0 78 0 28 18 0 0 24 0 63 0 0 9 28 0 0 49 28 0 23 70 0 112 98 0 0 0 0
42 72 56 0 48 63 0 18 0 0 40 0 27 0 54 0 0 0 0 0 42 7 0 0 54 0 128 0 28 0 0 0 63 51 112 6 0 0 0 33 63 0 0 9 0 54 63 0 0 32 9 0 56 32 0 34 56 0 54 0 42 27 0 0
0 0 0 0 0 18 0 10 0 0 0 1 0 8 0 0 0 40 24 15 12 0 28 4 12 0 16 24 0 0 32 10 20 32 0 0 0 28 0 20 33 0 0 0 0 37 0 0 0 0 62 16 15 10 8 24 20 0 0 0 0 36 0 8
54 0 18 0 0 0 0 28 42 0 0 0 0 27 36 0 27 0 0 27 3 0 0 0 0 0 0 0 54 0 0 16 0 0 0 0 0 0 0 0 0 18 0 27 0 67 0 6 0 0 42 0 0 0 0 0 0 0 28 28 0 0 0 36
81 0 27 0 14 9 0 25 78 0 0 49 14 43 27 8 48 15 0 63 23 0 21 18 6 21 24 7 81 0 36 12 15 24 0 0 0 16 0 15 12 27 0 79 0 56 0 14 0 0 0 8 0 9 6 24 29 0 35 21 0 0 0 54
35 0 14 1 0 32 9 103 54 0 0 0 58 0 81 0 7 12 0 0 7 0 48 35 0 40 0 14 0 16 0 41 22 0 0 0 7 18 0 4 8 20 7 0 0 67 0 0 0 0 0 25 0 0 45 25 56 22 63 63 0 5 40 0
0 0 0 0 0 4 72 14 8 0 18 0 0 0 0 6 0 28 12 21 14 0 0 0 0 72 0 30 0 8 0 20 0 64 0 0 0 0 0 0 35 12 0 0 0 0 0 0 16 0 28 0 21 10 0 0 0 0 0 12 0 14 0 0
31 0 0 0 0 7 4 3 0 68 0 0 49 0 0 0 0 40 9 0 0 14 56 0 0 0 37 6 0 0 64 0 40 71 21 56 49 7 2 41 0 0 0 10 0 9 0 0 0 0 18 18 7 16 65 48 40 42 0 2 0 63 3 0
14 0 0 0 0 0 0 30 0 0 0 8 50 4 0 0 0 10 0 7 0 0 19 14 0 0 8 0 10 0 16 2 10 16 5 0 7 0 0 10 0 1 0 10 0 0 0 25 0 0 0 0 0 0 4 42 10 8 0 0 0 0 0 0
0 0 48 0 54 0 0 85 42 126 0 12 63 0 63 0 0 48 0 42 0 0 42 0 0 94 24 0 36 0 48 28 66 57 27 72 69 61 0 30 0 32 0 54 0 49 0 0 0 54 0 40 0 0 147 76 30 54 49 49 84 89 18 0
14 30 0 0 49 0 0 14 0 0 0 0 4 32 0 31 45 0 0 20 56 0 0 70 0 63 28 0 0 18 0 2 0 0 0 0 0 92 0 15 42 10 0 56 0 0 0 0 25 0 0 0 0 0 0 21 49 8 0 0 0 0 10 0
0 0 0 0 0 0 0 12 0 0 0 0 0 0 0 0 0 0 0 0 0 0 0 0 0 63 0 0 0 18 0 0 0 0 0 0 0 0 0 12 0 0 0 0 0 0 0 0 0 0 0 0 0 0 0 0 0 0 21 15 0 0 0 0
18 0 6 0 54 0 72 57 26 56 0 0 103 8 27 3 6 18 6 0 0 0 0 0 0 72 0 29 18 32 0 12 0 71 21 56 49 7 0 0 0 48 0 0 0 33 0 0 0 0 0 0 0 42 49 36 48 42 69 27 0 70 0 48
0 0 0 0 0 9 9 0 72 89 0 56 31 36 0 0 45 0 28 0 0 0 0 0 0 20 0 22 0 12 9 0 0 19 3 8 7 37 9 0 64 0 0 0 20 7 0 24 81 0 28 0 0 0 7 0 18 6 0 0 0 72 0 0
0 0 48 14 0 0 0 54 18 0 7 21 43 0 0 0 0 35 0 42 7 0 0 0 0 140 6 29 36 22 0 0 0 0 0 0 0 78 0 58 0 28 14 54 42 15 0 0 42 54 86 35 0 0 67 53 0 0 63 0 50 7 18 0
7 0 0 0 0 7 0 0 0 0 0 0 0 0 0 0 0 0 0 0 0 2 0 0 0 0 0 0 0 0 0 0 0 0 0 0 0 0 2 1 0 0 0 0 0 0 0 0 0 0 0 0 7 0 0 0 0 0 0 0 0 0 0 0
74 30 0 72 0 0 0 63 6 0 3 0 12 20 57 0 45 0 0 20 3 0 0 42 0 15 48 9 0 0 0 10 8 0 0 32 0 12 0 33 0 10 0 64 18 7 0 0 25 0 0 0 0 0 0 0 0 88 34 7 0 0 66 0
0 0 10 81 36 0 10 0 0 36 5 23 0 56 0 0 0 18 0 0 19 0 0 0 0 55 0 15 12 0 0 0 24 63 6 0 4 22 0 30 69 4 0 37 30 1 27 30 0 0 8 35 0 45 23 5 0 0 45 5 24 1 0 6
0 24 26 0 0 0 0 28 36 0 18 0 0 18 36 0 36 48 0 16 0 0 42 0 0 4 24 0 18 18 48 22 30 48 12 0 0 0 0 42 0 20 0 0 0 28 0 0 20 0 8 0 0 20 40 63 30 0 28 28 0 0 8 15
49 0 14 0 0 59 45 20 5 0 0 0 0 0 0 21 0 14 42 0 28 50 0 0 0 45 0 56 18 5 0 0 0 40 0 0 0 28 14 27 0 0 0 18 0 12 0 45 40 0 0 0 49 25 0 63 0 0 35 67 0 49 0 7
63 56 21 0 75 0 0 10 0 0 0 2 0 46 45 41 21 0 0 0 75 0 0 40 0 5 20 0 63 0 0 0 1 0 24 5 1 94 0 20 30 21 0 40 64 21 0 0 0 0 0 0 0 0 0 47 35 0 0 0 0 0 0 42
56 0 0 0 0 0 0 7 6 0 0 0 16 0 9 0 0 35 12 0 0 0 49 56 0 0 28 0 0 0 56 12 35 56 0 0 0 14 0 35 0 0 0 0 0 7 0 0 0 0 0 0 0 0 14 42 35 32 7 7 0 18 0 4
0 0 0 0 54 12 18 0 0 54 32 0 0 0 0 0 0 18 0 0 0 0 0 0 0 0 0 0 0 0 0 0 30 0 40 0 0 0 0 0 0 0 0 45 32 32 0 0 48 0 0 54 0 93 0 24 0 0 56 9 36 0 0 0
24 0 0 6 6 36 0 0 72 0 14 0 30 9 0 0 30 22 89 0 8 4 2 8 24 33 32 40 97 104 48 0 0 36 0 0 4 63 8 0 36 12 0 0 25 76 36 30 0 18 2 88 0 30 0 0 0 0 0 0 40 81 0 18
9 28 11 0 0 0 0 0 0 0 0 0 0 4 0 0 3 38 0 0 0 0 42 0 0 0 24 0 9 0 48 0 30 48 12 0 0 0 0 30 0 3 0 0 32 3 0 0 0 0 0 0 0 0 12 88 30 0 0 0 0 0 0 10
0 0 18 5 0 0 27 0 18 0 2 19 0 12 0 18 21 5 0 0 23 0 0 0 0 50 72 6 27 27 0 0 35 0 0 0 29 35 0 24 24 0 23 9 12 54 0 0 6 0 8 0 0 0 0 0 0 6 72 0 0 27 0 0
6 0 0 0 3 0 27 0 19 0 0 0 0 0 0 0 0 8 0 0 0 1 1 0 0 94 8 0 4 21 0 0 0 29 0 0 0 4 0 0 9 6 0 0 0 0 9 0 0 0 0 0 0 5 0 0 0 0 0 0 6 0 0 0
0 0 0 11 9 0 6 0 84 0 0 9 8 24 0 0 25 39 0 0 0 0 3 0 0 12 3 4 0 4 40 0 0 0 0 0 0 24 6 8 24 18 6 0 0 35 0 0 18 15 24 40 0 15 2 0 12 0 0 0 6 42 0 0
0 0 56 0 0 0 45 42 5 0 0 0 0 0 0 0 0 30 0 49 0 0 42 0 0 45 24 0 42 5 48 0 30 88 0 0 0 42 0 30 0 0 0 63 0 0 0 0 0 63 0 0 0 0 12 36 30 0 0 0 56 0 21 0
0 0 64 0 103 0 0 83 30 63 0 6 0 0 90 0 42 21 0 86 35 0 0 0 42 0 72 0 48 0 0 20 56 0 0 5 0 48 0 20 0 0 0 81 0 101 0 0 0 72 0 0 0 30 0 0 0 0 89 35 106 27 24 0
27 0 9 5 9 0 18 0 41 0 0 1 0 20 0 0 34 24 0 0 2 0 3 0 0 12 0 0 27 0 40 0 0 0 0 0 0 8 0 0 8 27 0 45 0 56 0 0 0 15 24 94 0 78 0 0 0 0 0 9 5 0 0 18
0 43 82 0 16 7 0 48 30 0 14 0 0 5 18 0 15 18 0 101 27 0 0 0 6 0 6 0 66 0 0 0 6 16 23 2 4 48 8 9 0 0 0 135 40 0 0 55 0 72 3 8 0 6 0 101 0 0 0 0 74 0 24 9
0 0 3 0 63 12 0 15 49 63 0 3 18 24 0 0 0 27 0 0 6 0 18 0 0 0 0 7 0 8 0 0 41 0 0 0 0 31 0 0 24 0 0 0 0 2 0 0 0 0 0 0 0 0 0 0 21 0 0 0 42 0 15 0
21 0 46 19 27 70 63 20 210 0 0 90 79 50 0 0 76 102 0 144 58 0 78 33 36 36 15 62 45 65 0 3 50 0 45 0 112 4 0 68 56 63 61 81 0 48 0 18 36 0 48 48 0 75 10 0 28 26 0 0 5 0 20 0
0 46 0 9 0 14 0 0 7 0 0 0 0 20 0 0 90 54 0 20 0 0 0 0 12 42 0 63 0 84 72 0 12 0 16 0 0 4 0 17 0 10 0 0 0 81 0 0 25 27 2 72 0 0 0 0 0 0 0 0 9 0 10 0
16 0 30 117 27 3 0 70 36 54 0 8 0 64 78 0 15 27 0 0 16 0 0 0 0 6 42 6 0 0 3 24 19 69 18 16 0 0 0 0 73 0 0 32 0 42 27 0 27 0 12 0 0 48 42 0 0 32 42 42 18 0 28 18
46 0 112 17 0 0 88 69 14 0 24 0 0 0 6 0 56 28 0 77 70 7 0 0 0 56 62 14 76 0 0 14 49 35 30 4 56 70 0 32 162 28 56 120 24 24 63 0 0 72 28 83 21 56 63 53 0 24 42 8 106 7 31 0
0 56 54 13 0 49 83 0 0 0 24 0 0 0 0 0 83 0 0 0 63 0 0 0 42 0 0 0 0 0 32 0 96 0 86 0 63 0 0 43 72 0 63 5 24 52 0 0 0 12 7 38 0 7 0 18 0 18 42 1 4 0 0 0
0 35 0 0 9 0 7 20 56 0 0 0 24 28 0 0 0 0 28 0 0 0 0 0 0 20 0 4 0 12 0 0 0 0 15 0 0 28 7 20 28 7 0 0 60 0 0 24 0 0 0 0 0 7 0 20 22 0 43 25 0 49 0 6
63 0 15 0 48 0 0 18 0 0 0 0 27 20 54 0 15 0 0 0 42 10 0 0 0 0 24 21 57 0 0 0 7 15 0 13 0 0 0 24 27 15 0 0 0 15 34 0 0 0 0 0 0 0 0 18 0 0 0 0 18 0 49 30
0 8 0 0 0 7 0 35 66 0 0 4 0 6 45 0 28 0 0 20 0 0 0 0 34 0 72 0 54 54 0 20 23 0 8 0 0 0 0 1 0 0 0 9 0 97 0 0 0 0 1 0 0 20 0 0 0 0 89 35 0 27 0 0
0 0 48 25 0 63 87 0 38 0 15 68 16 9 0 0 56 20 0 0 56 0 0 14 42 24 0 49 45 45 0 5 48 7 0 0 56 4 1 32 69 10 64 35 0 59 3 0 24 0 38 98 0 84 0 0 2 16 16 7 0 7 0 0
72 0 24 0 0 0 8 0 64 0 0 7 2 64 0 0 24 0 0 0 0 0 0 0 0 3 0 0 72 0 0 0 0 0 0 0 0 32 8 0 32 24 0 0 0 24 0 0 0 0 0 0 0 0 0 0 16 0 2 0 0 56 0 48
0 0 10 7 0 0 4 0 0 0 0 2 0 16 0 0 35 10 0 0 4 0 0 0 0 0 40 0 0 0 56 0 5 0 0 0 0 0 0 0 16 0 0 15 0 79 0 0 0 21 0 68 0 14 0 45 0 0 30 2 7 15 0 5
0 0 0 7 0 81 0 0 0 0 0 0 0 0 0 12 35 0 24 0 0 2 0 18 54 0 0 101 0 0 56 0 2 0 0 2 0 0 0 0 0 0 0 0 0 148 2 0 0 21 54 128 0 45 0 0 0 0 0 24 7 28 14 0
0 0 2 18 0 0 0 0 12 0 0 6 0 0 0 4 28 2 0 20 0 0 0 0 28 5 0 0 0 0 8 0 9 14 0 0 1 0 0 0 2 0 0 0 0 8 6 0 0 0 0 0 0 20 0 9 0 0 0 0 0 0 0 1
0 0 84 76 72 16 36 62 63 120 4 6 66 0 0 0 70 24 0 79 28 0 24 0 42 21 0 0 42 6 0 0 84 62 23 48 70 88 0 16 40 0 28 63 4 16 24 0 0 63 0 0 0 30 42 3 28 44 7 0 104 54 41 0
72 0 40 1 8 4 0 9 56 36 0 0 12 0 9 3 5 59 47 0 7 36 49 0 0 18 37 28 0 6 64 0 35 56 24 1 0 32 0 39 0 0 0 0 10 16 0 12 16 3 34 26 0 50 70 42 35 0 0 6 1 7 9 24
16 0 16 36 0 0 0 40 9 0 0 14 0 0 24 3 0 0 0 14 0 0 0 0 0 35 24 0 12 0 6 0 11 0 0 16 7 12 0 0 0 0 0 50 0 0 0 0 0 18 0 0 0 0 0 0 0 32 0 0 16 0 34 0
21 0 0 0 0 21 0 0 0 0 0 4 0 0 0 0 28 0 0 20 0 6 0 0 28 0 72 0 0 0 0 0 17 0 0 0 0 0 6 3 0 0 0 9 0 62 0 0 0 0 0 0 21 20 0 0 0 0 54 0 0 27 0 0
0 56 0 0 129 49 0 10 0 81 0 0 0 0 54 0 0 47 0 15 52 0 0 0 42 0 0 10 0 0 0 10 87 0 56 6 0 0 0 31 25 0 0 0 0 0 0 0 0 0 27 0 15 0 0 0 0 0 0 0 54 0 0 0
42 72 0 0 88 115 0 0 0 135 32 4 12 0 18 3 35 24 6 0 14 0 0 52 84 10 0 57 0 0 7 6 96 14 112 2 2 0 0 17 0 0 0 0 32 72 0 0 63 0 9 40 0 25 0 24 0 24 56 6 48 7 0 0
0 0 0 0 0 14 0 0 0 0 22 0 0 0 0 24 0 0 48 0 16 0 0 0 0 40 0 88 0 0 0 0 0 16 0 0 4 32 8 48 0 0 0 0 48 0 0 0 56 0 2 8 0 35 0 0 0 0 72 48 10 56 0 0
14 18 0 0 0 0 0 0 96 0 0 3 4 52 0 0 51 0 0 84 14 0 0 14 0 0 0 0 72 72 0 2 0 0 0 0 0 0 0 9 24 6 0 72 0 0 0 16 15 0 0 0 0 0 0 0 0 8 0 0 0 0 6 0
